NUTS2_code,process,year,hour,load,datetime
NL13,Heating Tertiary,2010,1,0.0003439150063521088,2010/01/01 00:00:00
NL13,Heating Tertiary,2010,2,0.0003656650067538312,2010/01/01 01:00:00
NL13,Heating Tertiary,2010,3,0.00037545700693468936,2010/01/01 02:00:00
NL13,Heating Tertiary,2010,4,0.00037944200700829235,2010/01/01 03:00:00
NL13,Heating Tertiary,2010,5,0.00037381200690430623,2010/01/01 04:00:00
NL13,Heating Tertiary,2010,6,0.00035496700655623914,2010/01/01 05:00:00
NL13,Heating Tertiary,2010,7,0.0003239370059831152,2010/01/01 06:00:00
NL13,Heating Tertiary,2010,8,0.00028643300529041643,2010/01/01 07:00:00
NL13,Heating Tertiary,2010,9,0.00025061300462882115,2010/01/01 08:00:00
NL13,Heating Tertiary,2010,10,0.00022264500411225233,2010/01/01 09:00:00
NL13,Heating Tertiary,2010,11,0.00020349000375845955,2010/01/01 10:00:00
NL13,Heating Tertiary,2010,12,0.00018885500348815113,2010/01/01 11:00:00
NL13,Heating Tertiary,2010,13,0.00017726000327399153,2010/01/01 12:00:00
NL13,Heating Tertiary,2010,14,0.00017079300315454607,2010/01/01 13:00:00
NL13,Heating Tertiary,2010,15,0.00016783100309983795,2010/01/01 14:00:00
NL13,Heating Tertiary,2010,16,0.0001666490030780064,2010/01/01 15:00:00
NL13,Heating Tertiary,2010,17,0.00016446600303768636,2010/01/01 16:00:00
NL13,Heating Tertiary,2010,18,0.0001635030030198998,2010/01/01 17:00:00
NL13,Heating Tertiary,2010,19,0.00016587800306376604,2010/01/01 18:00:00
NL13,Heating Tertiary,2010,20,0.00017543700324032074,2010/01/01 19:00:00
NL13,Heating Tertiary,2010,21,0.00019614500362279743,2010/01/01 20:00:00
NL13,Heating Tertiary,2010,22,0.00022767500420515642,2010/01/01 21:00:00
NL13,Heating Tertiary,2010,23,0.0002676540049435684,2010/01/01 22:00:00
NL13,Heating Tertiary,2010,24,0.0003094730057159652,2010/01/01 23:00:00
NL13,Heating Tertiary,2010,25,0.0003387980062575978,2010/01/02 00:00:00
NL13,Heating Tertiary,2010,26,0.0003554290065647725,2010/01/02 01:00:00
NL13,Heating Tertiary,2010,27,0.0003653400067478284,2010/01/02 02:00:00
NL13,Heating Tertiary,2010,28,0.00037116200685536076,2010/01/02 03:00:00
NL13,Heating Tertiary,2010,29,0.00036721700678249663,2010/01/02 04:00:00
NL13,Heating Tertiary,2010,30,0.0003486720064399706,2010/01/02 05:00:00
NL13,Heating Tertiary,2010,31,0.0003173610058616565,2010/01/02 06:00:00
NL13,Heating Tertiary,2010,32,0.0002797160051663535,2010/01/02 07:00:00
NL13,Heating Tertiary,2010,33,0.00024292800448687924,2010/01/02 08:00:00
NL13,Heating Tertiary,2010,34,0.00021311400393621478,2010/01/02 09:00:00
NL13,Heating Tertiary,2010,35,0.0001918300035430994,2010/01/02 10:00:00
NL13,Heating Tertiary,2010,36,0.00017625900325550305,2010/01/02 11:00:00
NL13,Heating Tertiary,2010,37,0.0001650130030477895,2010/01/02 12:00:00
NL13,Heating Tertiary,2010,38,0.00015972400295010167,2010/01/02 13:00:00
NL13,Heating Tertiary,2010,39,0.00016008600295678785,2010/01/02 14:00:00
NL13,Heating Tertiary,2010,40,0.00016236500299888096,2010/01/02 15:00:00
NL13,Heating Tertiary,2010,41,0.00016317800301389706,2010/01/02 16:00:00
NL13,Heating Tertiary,2010,42,0.00016295900300985212,2010/01/02 17:00:00
NL13,Heating Tertiary,2010,43,0.00016452100303870226,2010/01/02 18:00:00
NL13,Heating Tertiary,2010,44,0.00017308600319689772,2010/01/02 19:00:00
NL13,Heating Tertiary,2010,45,0.00019444200359134304,2010/01/02 20:00:00
NL13,Heating Tertiary,2010,46,0.0002285510042213361,2010/01/02 21:00:00
NL13,Heating Tertiary,2010,47,0.0002708800050031526,2010/01/02 22:00:00
NL13,Heating Tertiary,2010,48,0.0003097490057210629,2010/01/02 23:00:00
NL13,Heating Tertiary,2010,49,0.00038862400717788384,2010/01/03 00:00:00
NL13,Heating Tertiary,2010,50,0.00041320100763182093,2010/01/03 01:00:00
NL13,Heating Tertiary,2010,51,0.00042426600783619146,2010/01/03 02:00:00
NL13,Heating Tertiary,2010,52,0.00042876900791936185,2010/01/03 03:00:00
NL13,Heating Tertiary,2010,53,0.0004224080078018742,2010/01/03 04:00:00
NL13,Heating Tertiary,2010,54,0.0004011130074085557,2010/01/03 05:00:00
NL13,Heating Tertiary,2010,55,0.0003660480067609052,2010/01/03 06:00:00
NL13,Heating Tertiary,2010,56,0.00032367000597818374,2010/01/03 07:00:00
NL13,Heating Tertiary,2010,57,0.0002831930052305736,2010/01/03 08:00:00
NL13,Heating Tertiary,2010,58,0.00025158900464684794,2010/01/03 09:00:00
NL13,Heating Tertiary,2010,59,0.00022994300424704638,2010/01/03 10:00:00
NL13,Heating Tertiary,2010,60,0.0002134070039416265,2010/01/03 11:00:00
NL13,Heating Tertiary,2010,61,0.00020030400369961413,2010/01/03 12:00:00
NL13,Heating Tertiary,2010,62,0.0001929970035646539,2010/01/03 13:00:00
NL13,Heating Tertiary,2010,63,0.00018964900350281632,2010/01/03 14:00:00
NL13,Heating Tertiary,2010,64,0.0001883130034781404,2010/01/03 15:00:00
NL13,Heating Tertiary,2010,65,0.00018584600343257493,2010/01/03 16:00:00
NL13,Heating Tertiary,2010,66,0.00018475900341249804,2010/01/03 17:00:00
NL13,Heating Tertiary,2010,67,0.00018744300346207153,2010/01/03 18:00:00
NL13,Heating Tertiary,2010,68,0.00019824300366154746,2010/01/03 19:00:00
NL13,Heating Tertiary,2010,69,0.00022164400409376386,2010/01/03 20:00:00
NL13,Heating Tertiary,2010,70,0.0002572730047518314,2010/01/03 21:00:00
NL13,Heating Tertiary,2010,71,0.00030244900558623193,2010/01/03 22:00:00
NL13,Heating Tertiary,2010,72,0.00034970500645905005,2010/01/03 23:00:00
NL13,Heating Tertiary,2010,73,0.00042989300794012207,2010/01/04 00:00:00
NL13,Heating Tertiary,2010,74,0.0004523740083553461,2010/01/04 01:00:00
NL13,Heating Tertiary,2010,75,0.00046396800856948723,2010/01/04 02:00:00
NL13,Heating Tertiary,2010,76,0.000469008008662576,2010/01/04 03:00:00
NL13,Heating Tertiary,2010,77,0.00046204800853402484,2010/01/04 04:00:00
NL13,Heating Tertiary,2010,78,0.0004363570080595122,2010/01/04 05:00:00
NL13,Heating Tertiary,2010,79,0.0003944990072863951,2010/01/04 06:00:00
NL13,Heating Tertiary,2010,80,0.00034536000637879795,2010/01/04 07:00:00
NL13,Heating Tertiary,2010,81,0.00030071700555424184,2010/01/04 08:00:00
NL13,Heating Tertiary,2010,82,0.0002657880049091034,2010/01/04 09:00:00
NL13,Heating Tertiary,2010,83,0.00024173200446478914,2010/01/04 10:00:00
NL13,Heating Tertiary,2010,84,0.00022366400413107324,2010/01/04 11:00:00
NL13,Heating Tertiary,2010,85,0.00021127500390224848,2010/01/04 12:00:00
NL13,Heating Tertiary,2010,86,0.00020546900379501165,2010/01/04 13:00:00
NL13,Heating Tertiary,2010,87,0.00020545700379479,2010/01/04 14:00:00
NL13,Heating Tertiary,2010,88,0.00020771900383656915,2010/01/04 15:00:00
NL13,Heating Tertiary,2010,89,0.0002084500038500707,2010/01/04 16:00:00
NL13,Heating Tertiary,2010,90,0.0002093940038675064,2010/01/04 17:00:00
NL13,Heating Tertiary,2010,91,0.0002137940039487744,2010/01/04 18:00:00
NL13,Heating Tertiary,2010,92,0.00022745300420105605,2010/01/04 19:00:00
NL13,Heating Tertiary,2010,93,0.0002549690047092765,2010/01/04 20:00:00
NL13,Heating Tertiary,2010,94,0.0002963130054729,2010/01/04 21:00:00
NL13,Heating Tertiary,2010,95,0.00034568200638474526,2010/01/04 22:00:00
NL13,Heating Tertiary,2010,96,0.0003929860072584499,2010/01/04 23:00:00
NL13,Heating Tertiary,2010,97,0.0003032320056006939,2010/01/05 00:00:00
NL13,Heating Tertiary,2010,98,0.0003190890058935726,2010/01/05 01:00:00
NL13,Heating Tertiary,2010,99,0.00032726700604462027,2010/01/05 02:00:00
NL13,Heating Tertiary,2010,100,0.00033082200611028105,2010/01/05 03:00:00
NL13,Heating Tertiary,2010,101,0.0003259130060196119,2010/01/05 04:00:00
NL13,Heating Tertiary,2010,102,0.00030779100568489865,2010/01/05 05:00:00
NL13,Heating Tertiary,2010,103,0.000278266005139572,2010/01/05 06:00:00
NL13,Heating Tertiary,2010,104,0.0002436060044994019,2010/01/05 07:00:00
NL13,Heating Tertiary,2010,105,0.00021211600391778175,2010/01/05 08:00:00
NL13,Heating Tertiary,2010,106,0.00018747800346271797,2010/01/05 09:00:00
NL13,Heating Tertiary,2010,107,0.0001705090031493006,2010/01/05 10:00:00
NL13,Heating Tertiary,2010,108,0.00015776600291393742,2010/01/05 11:00:00
NL13,Heating Tertiary,2010,109,0.00014902600275250967,2010/01/05 12:00:00
NL13,Heating Tertiary,2010,110,0.00014493000267685658,2010/01/05 13:00:00
NL13,Heating Tertiary,2010,111,0.00014492300267672728,2010/01/05 14:00:00
NL13,Heating Tertiary,2010,112,0.00014651800270618691,2010/01/05 15:00:00
NL13,Heating Tertiary,2010,113,0.00014703400271571742,2010/01/05 16:00:00
NL13,Heating Tertiary,2010,114,0.00014769900272799992,2010/01/05 17:00:00
NL13,Heating Tertiary,2010,115,0.00015080300278533086,2010/01/05 18:00:00
NL13,Heating Tertiary,2010,116,0.0001604370029632708,2010/01/05 19:00:00
NL13,Heating Tertiary,2010,117,0.00017984600332175493,2010/01/05 20:00:00
NL13,Heating Tertiary,2010,118,0.00020900900386039545,2010/01/05 21:00:00
NL13,Heating Tertiary,2010,119,0.0002438330045035946,2010/01/05 22:00:00
NL13,Heating Tertiary,2010,120,0.0002771990051198645,2010/01/05 23:00:00
NL13,Heating Tertiary,2010,121,0.0003422730063217811,2010/01/06 00:00:00
NL13,Heating Tertiary,2010,122,0.0003601720066523755,2010/01/06 01:00:00
NL13,Heating Tertiary,2010,123,0.00036940300682287205,2010/01/06 02:00:00
NL13,Heating Tertiary,2010,124,0.0003734150068969737,2010/01/06 03:00:00
NL13,Heating Tertiary,2010,125,0.0003678750067946499,2010/01/06 04:00:00
NL13,Heating Tertiary,2010,126,0.0003474190064168278,2010/01/06 05:00:00
NL13,Heating Tertiary,2010,127,0.00031409300580129655,2010/01/06 06:00:00
NL13,Heating Tertiary,2010,128,0.0002749690050786764,2010/01/06 07:00:00
NL13,Heating Tertiary,2010,129,0.0002394260044221973,2010/01/06 08:00:00
NL13,Heating Tertiary,2010,130,0.00021161600390854675,2010/01/06 09:00:00
NL13,Heating Tertiary,2010,131,0.0001924620035547724,2010/01/06 10:00:00
NL13,Heating Tertiary,2010,132,0.0001780780032891,2010/01/06 11:00:00
NL13,Heating Tertiary,2010,133,0.00016821300310689347,2010/01/06 12:00:00
NL13,Heating Tertiary,2010,134,0.0001635900030215067,2010/01/06 13:00:00
NL13,Heating Tertiary,2010,135,0.0001635810030213405,2010/01/06 14:00:00
NL13,Heating Tertiary,2010,136,0.00016538200305460493,2010/01/06 15:00:00
NL13,Heating Tertiary,2010,137,0.0001659640030653545,2010/01/06 16:00:00
NL13,Heating Tertiary,2010,138,0.00016671600307924386,2010/01/06 17:00:00
NL13,Heating Tertiary,2010,139,0.00017021900314394435,2010/01/06 18:00:00
NL13,Heating Tertiary,2010,140,0.00018109300334478702,2010/01/06 19:00:00
NL13,Heating Tertiary,2010,141,0.0002030010037494277,2010/01/06 20:00:00
NL13,Heating Tertiary,2010,142,0.00023591900435742308,2010/01/06 21:00:00
NL13,Heating Tertiary,2010,143,0.0002752260050834232,2010/01/06 22:00:00
NL13,Heating Tertiary,2010,144,0.00031288800577904016,2010/01/06 23:00:00
NL13,Heating Tertiary,2010,145,0.0004071560075201698,2010/01/07 00:00:00
NL13,Heating Tertiary,2010,146,0.00042844900791345143,2010/01/07 01:00:00
NL13,Heating Tertiary,2010,147,0.0004394280081162336,2010/01/07 02:00:00
NL13,Heating Tertiary,2010,148,0.0004442020082044093,2010/01/07 03:00:00
NL13,Heating Tertiary,2010,149,0.00043761100808267355,2010/01/07 04:00:00
NL13,Heating Tertiary,2010,150,0.00041327800763324315,2010/01/07 05:00:00
NL13,Heating Tertiary,2010,151,0.0003736340069010186,2010/01/07 06:00:00
NL13,Heating Tertiary,2010,152,0.00032709400604142495,2010/01/07 07:00:00
NL13,Heating Tertiary,2010,153,0.0002848120052604766,2010/01/07 08:00:00
NL13,Heating Tertiary,2010,154,0.00025173100464947063,2010/01/07 09:00:00
NL13,Heating Tertiary,2010,155,0.00022894600422863177,2010/01/07 10:00:00
NL13,Heating Tertiary,2010,156,0.00021183500391259167,2010/01/07 11:00:00
NL13,Heating Tertiary,2010,157,0.00020010100369586471,2010/01/07 12:00:00
NL13,Heating Tertiary,2010,158,0.00019460100359427974,2010/01/07 13:00:00
NL13,Heating Tertiary,2010,159,0.00019459100359409505,2010/01/07 14:00:00
NL13,Heating Tertiary,2010,160,0.0001967330036336578,2010/01/07 15:00:00
NL13,Heating Tertiary,2010,161,0.00019742500364643901,2010/01/07 16:00:00
NL13,Heating Tertiary,2010,162,0.00019831900366295118,2010/01/07 17:00:00
NL13,Heating Tertiary,2010,163,0.00020248700373993412,2010/01/07 18:00:00
NL13,Heating Tertiary,2010,164,0.00021542200397884354,2010/01/07 19:00:00
NL13,Heating Tertiary,2010,165,0.0002414830044601901,2010/01/07 20:00:00
NL13,Heating Tertiary,2010,166,0.00028064100518343824,2010/01/07 21:00:00
NL13,Heating Tertiary,2010,167,0.00032739900604705834,2010/01/07 22:00:00
NL13,Heating Tertiary,2010,168,0.0003722010068745511,2010/01/07 23:00:00
NL13,Heating Tertiary,2010,169,0.0003634570067130494,2010/01/08 00:00:00
NL13,Heating Tertiary,2010,170,0.00038246400706410863,2010/01/08 01:00:00
NL13,Heating Tertiary,2010,171,0.0003922660072451516,2010/01/08 02:00:00
NL13,Heating Tertiary,2010,172,0.0003965270073238522,2010/01/08 03:00:00
NL13,Heating Tertiary,2010,173,0.0003906430072151747,2010/01/08 04:00:00
NL13,Heating Tertiary,2010,174,0.000368922006813988,2010/01/08 05:00:00
NL13,Heating Tertiary,2010,175,0.00033353300616035327,2010/01/08 06:00:00
NL13,Heating Tertiary,2010,176,0.0002919880053930173,2010/01/08 07:00:00
NL13,Heating Tertiary,2010,177,0.00025424400469588576,2010/01/08 08:00:00
NL13,Heating Tertiary,2010,178,0.00022471300415044827,2010/01/08 09:00:00
NL13,Heating Tertiary,2010,179,0.00020437400377478702,2010/01/08 10:00:00
NL13,Heating Tertiary,2010,180,0.0001891000034926763,2010/01/08 11:00:00
NL13,Heating Tertiary,2010,181,0.00017862400329918466,2010/01/08 12:00:00
NL13,Heating Tertiary,2010,182,0.00017371500320851542,2010/01/08 13:00:00
NL13,Heating Tertiary,2010,183,0.00017370600320834917,2010/01/08 14:00:00
NL13,Heating Tertiary,2010,184,0.0001756180032436638,2010/01/08 15:00:00
NL13,Heating Tertiary,2010,185,0.00017623600325507825,2010/01/08 16:00:00
NL13,Heating Tertiary,2010,186,0.00017703400326981737,2010/01/08 17:00:00
NL13,Heating Tertiary,2010,187,0.00018075500333854418,2010/01/08 18:00:00
NL13,Heating Tertiary,2010,188,0.00019230200355181722,2010/01/08 19:00:00
NL13,Heating Tertiary,2010,189,0.00021556500398148474,2010/01/08 20:00:00
NL13,Heating Tertiary,2010,190,0.0002505200046271035,2010/01/08 21:00:00
NL13,Heating Tertiary,2010,191,0.0002922600053980411,2010/01/08 22:00:00
NL13,Heating Tertiary,2010,192,0.00033225300613671176,2010/01/08 23:00:00
NL13,Heating Tertiary,2010,193,0.00042887100792124574,2010/01/09 00:00:00
NL13,Heating Tertiary,2010,194,0.0004499230083100761,2010/01/09 01:00:00
NL13,Heating Tertiary,2010,195,0.0004624700085418192,2010/01/09 02:00:00
NL13,Heating Tertiary,2010,196,0.00046984000867794304,2010/01/09 03:00:00
NL13,Heating Tertiary,2010,197,0.0004648460085857039,2010/01/09 04:00:00
NL13,Heating Tertiary,2010,198,0.00044137000815210227,2010/01/09 05:00:00
NL13,Heating Tertiary,2010,199,0.000401735007420044,2010/01/09 06:00:00
NL13,Heating Tertiary,2010,200,0.0003540820065398932,2010/01/09 07:00:00
NL13,Heating Tertiary,2010,201,0.00030751300567976393,2010/01/09 08:00:00
NL13,Heating Tertiary,2010,202,0.0002697730049827063,2010/01/09 09:00:00
NL13,Heating Tertiary,2010,203,0.00024283000448506922,2010/01/09 10:00:00
NL13,Heating Tertiary,2010,204,0.00022312000412102556,2010/01/09 11:00:00
NL13,Heating Tertiary,2010,205,0.00020888400385808668,2010/01/09 12:00:00
NL13,Heating Tertiary,2010,206,0.00020218900373443008,2010/01/09 13:00:00
NL13,Heating Tertiary,2010,207,0.00020264700374288933,2010/01/09 14:00:00
NL13,Heating Tertiary,2010,208,0.00020553200379617528,2010/01/09 15:00:00
NL13,Heating Tertiary,2010,209,0.0002065610038151809,2010/01/09 16:00:00
NL13,Heating Tertiary,2010,210,0.0002062840038100647,2010/01/09 17:00:00
NL13,Heating Tertiary,2010,211,0.0002082600038465614,2010/01/09 18:00:00
NL13,Heating Tertiary,2010,212,0.00021910300404683162,2010/01/09 19:00:00
NL13,Heating Tertiary,2010,213,0.0002461370045461495,2010/01/09 20:00:00
NL13,Heating Tertiary,2010,214,0.0002893140053436285,2010/01/09 21:00:00
NL13,Heating Tertiary,2010,215,0.0003428970063333063,2010/01/09 22:00:00
NL13,Heating Tertiary,2010,216,0.00039210000724208556,2010/01/09 23:00:00
NL13,Heating Tertiary,2010,217,0.0003439150063521088,2010/01/10 00:00:00
NL13,Heating Tertiary,2010,218,0.0003656650067538312,2010/01/10 01:00:00
NL13,Heating Tertiary,2010,219,0.00037545700693468936,2010/01/10 02:00:00
NL13,Heating Tertiary,2010,220,0.00037944200700829235,2010/01/10 03:00:00
NL13,Heating Tertiary,2010,221,0.00037381200690430623,2010/01/10 04:00:00
NL13,Heating Tertiary,2010,222,0.00035496700655623914,2010/01/10 05:00:00
NL13,Heating Tertiary,2010,223,0.0003239370059831152,2010/01/10 06:00:00
NL13,Heating Tertiary,2010,224,0.00028643300529041643,2010/01/10 07:00:00
NL13,Heating Tertiary,2010,225,0.00025061300462882115,2010/01/10 08:00:00
NL13,Heating Tertiary,2010,226,0.00022264500411225233,2010/01/10 09:00:00
NL13,Heating Tertiary,2010,227,0.00020349000375845955,2010/01/10 10:00:00
NL13,Heating Tertiary,2010,228,0.00018885500348815113,2010/01/10 11:00:00
NL13,Heating Tertiary,2010,229,0.00017726000327399153,2010/01/10 12:00:00
NL13,Heating Tertiary,2010,230,0.00017079300315454607,2010/01/10 13:00:00
NL13,Heating Tertiary,2010,231,0.00016783100309983795,2010/01/10 14:00:00
NL13,Heating Tertiary,2010,232,0.0001666490030780064,2010/01/10 15:00:00
NL13,Heating Tertiary,2010,233,0.00016446600303768636,2010/01/10 16:00:00
NL13,Heating Tertiary,2010,234,0.0001635030030198998,2010/01/10 17:00:00
NL13,Heating Tertiary,2010,235,0.00016587800306376604,2010/01/10 18:00:00
NL13,Heating Tertiary,2010,236,0.00017543700324032074,2010/01/10 19:00:00
NL13,Heating Tertiary,2010,237,0.00019614500362279743,2010/01/10 20:00:00
NL13,Heating Tertiary,2010,238,0.00022767500420515642,2010/01/10 21:00:00
NL13,Heating Tertiary,2010,239,0.0002676540049435684,2010/01/10 22:00:00
NL13,Heating Tertiary,2010,240,0.0003094730057159652,2010/01/10 23:00:00
NL13,Heating Tertiary,2010,241,0.00028570800527702575,2010/01/11 00:00:00
NL13,Heating Tertiary,2010,242,0.0003006490055529859,2010/01/11 01:00:00
NL13,Heating Tertiary,2010,243,0.0003083540056952973,2010/01/11 02:00:00
NL13,Heating Tertiary,2010,244,0.00031170400575717175,2010/01/11 03:00:00
NL13,Heating Tertiary,2010,245,0.0003070780056717295,2010/01/11 04:00:00
NL13,Heating Tertiary,2010,246,0.0002900040053563728,2010/01/11 05:00:00
NL13,Heating Tertiary,2010,247,0.000262185004842556,2010/01/11 06:00:00
NL13,Heating Tertiary,2010,248,0.00022952700423936283,2010/01/11 07:00:00
NL13,Heating Tertiary,2010,249,0.00019985700369135805,2010/01/11 08:00:00
NL13,Heating Tertiary,2010,250,0.00017664400326261403,2010/01/11 09:00:00
NL13,Heating Tertiary,2010,251,0.00016065600296731573,2010/01/11 10:00:00
NL13,Heating Tertiary,2010,252,0.000148648002745528,2010/01/11 11:00:00
NL13,Heating Tertiary,2010,253,0.00014041400259344605,2010/01/11 12:00:00
NL13,Heating Tertiary,2010,254,0.00013655500252217033,2010/01/11 13:00:00
NL13,Heating Tertiary,2010,255,0.00013654700252202257,2010/01/11 14:00:00
NL13,Heating Tertiary,2010,256,0.00013805100254980147,2010/01/11 15:00:00
NL13,Heating Tertiary,2010,257,0.00013853600255875941,2010/01/11 16:00:00
NL13,Heating Tertiary,2010,258,0.00013916400257035856,2010/01/11 17:00:00
NL13,Heating Tertiary,2010,259,0.0001420890026243833,2010/01/11 18:00:00
NL13,Heating Tertiary,2010,260,0.00015116600279203545,2010/01/11 19:00:00
NL13,Heating Tertiary,2010,261,0.00016945300312979627,2010/01/11 20:00:00
NL13,Heating Tertiary,2010,262,0.00019693000363729638,2010/01/11 21:00:00
NL13,Heating Tertiary,2010,263,0.00022974100424331544,2010/01/11 22:00:00
NL13,Heating Tertiary,2010,264,0.00026118000482399365,2010/01/11 23:00:00
NL13,Heating Tertiary,2010,265,0.0003032320056006939,2010/01/12 00:00:00
NL13,Heating Tertiary,2010,266,0.0003190890058935726,2010/01/12 01:00:00
NL13,Heating Tertiary,2010,267,0.00032726700604462027,2010/01/12 02:00:00
NL13,Heating Tertiary,2010,268,0.00033082200611028105,2010/01/12 03:00:00
NL13,Heating Tertiary,2010,269,0.0003259130060196119,2010/01/12 04:00:00
NL13,Heating Tertiary,2010,270,0.00030779100568489865,2010/01/12 05:00:00
NL13,Heating Tertiary,2010,271,0.000278266005139572,2010/01/12 06:00:00
NL13,Heating Tertiary,2010,272,0.0002436060044994019,2010/01/12 07:00:00
NL13,Heating Tertiary,2010,273,0.00021211600391778175,2010/01/12 08:00:00
NL13,Heating Tertiary,2010,274,0.00018747800346271797,2010/01/12 09:00:00
NL13,Heating Tertiary,2010,275,0.0001705090031493006,2010/01/12 10:00:00
NL13,Heating Tertiary,2010,276,0.00015776600291393742,2010/01/12 11:00:00
NL13,Heating Tertiary,2010,277,0.00014902600275250967,2010/01/12 12:00:00
NL13,Heating Tertiary,2010,278,0.00014493000267685658,2010/01/12 13:00:00
NL13,Heating Tertiary,2010,279,0.00014492300267672728,2010/01/12 14:00:00
NL13,Heating Tertiary,2010,280,0.00014651800270618691,2010/01/12 15:00:00
NL13,Heating Tertiary,2010,281,0.00014703400271571742,2010/01/12 16:00:00
NL13,Heating Tertiary,2010,282,0.00014769900272799992,2010/01/12 17:00:00
NL13,Heating Tertiary,2010,283,0.00015080300278533086,2010/01/12 18:00:00
NL13,Heating Tertiary,2010,284,0.0001604370029632708,2010/01/12 19:00:00
NL13,Heating Tertiary,2010,285,0.00017984600332175493,2010/01/12 20:00:00
NL13,Heating Tertiary,2010,286,0.00020900900386039545,2010/01/12 21:00:00
NL13,Heating Tertiary,2010,287,0.0002438330045035946,2010/01/12 22:00:00
NL13,Heating Tertiary,2010,288,0.0002771990051198645,2010/01/12 23:00:00
NL13,Heating Tertiary,2010,289,0.0003422730063217811,2010/01/13 00:00:00
NL13,Heating Tertiary,2010,290,0.0003601720066523755,2010/01/13 01:00:00
NL13,Heating Tertiary,2010,291,0.00036940300682287205,2010/01/13 02:00:00
NL13,Heating Tertiary,2010,292,0.0003734150068969737,2010/01/13 03:00:00
NL13,Heating Tertiary,2010,293,0.0003678750067946499,2010/01/13 04:00:00
NL13,Heating Tertiary,2010,294,0.0003474190064168278,2010/01/13 05:00:00
NL13,Heating Tertiary,2010,295,0.00031409300580129655,2010/01/13 06:00:00
NL13,Heating Tertiary,2010,296,0.0002749690050786764,2010/01/13 07:00:00
NL13,Heating Tertiary,2010,297,0.0002394260044221973,2010/01/13 08:00:00
NL13,Heating Tertiary,2010,298,0.00021161600390854675,2010/01/13 09:00:00
NL13,Heating Tertiary,2010,299,0.0001924620035547724,2010/01/13 10:00:00
NL13,Heating Tertiary,2010,300,0.0001780780032891,2010/01/13 11:00:00
NL13,Heating Tertiary,2010,301,0.00016821300310689347,2010/01/13 12:00:00
NL13,Heating Tertiary,2010,302,0.0001635900030215067,2010/01/13 13:00:00
NL13,Heating Tertiary,2010,303,0.0001635810030213405,2010/01/13 14:00:00
NL13,Heating Tertiary,2010,304,0.00016538200305460493,2010/01/13 15:00:00
NL13,Heating Tertiary,2010,305,0.0001659640030653545,2010/01/13 16:00:00
NL13,Heating Tertiary,2010,306,0.00016671600307924386,2010/01/13 17:00:00
NL13,Heating Tertiary,2010,307,0.00017021900314394435,2010/01/13 18:00:00
NL13,Heating Tertiary,2010,308,0.00018109300334478702,2010/01/13 19:00:00
NL13,Heating Tertiary,2010,309,0.0002030010037494277,2010/01/13 20:00:00
NL13,Heating Tertiary,2010,310,0.00023591900435742308,2010/01/13 21:00:00
NL13,Heating Tertiary,2010,311,0.0002752260050834232,2010/01/13 22:00:00
NL13,Heating Tertiary,2010,312,0.00031288800577904016,2010/01/13 23:00:00
NL13,Heating Tertiary,2010,313,0.0003634570067130494,2010/01/14 00:00:00
NL13,Heating Tertiary,2010,314,0.00038246400706410863,2010/01/14 01:00:00
NL13,Heating Tertiary,2010,315,0.0003922660072451516,2010/01/14 02:00:00
NL13,Heating Tertiary,2010,316,0.0003965270073238522,2010/01/14 03:00:00
NL13,Heating Tertiary,2010,317,0.0003906430072151747,2010/01/14 04:00:00
NL13,Heating Tertiary,2010,318,0.000368922006813988,2010/01/14 05:00:00
NL13,Heating Tertiary,2010,319,0.00033353300616035327,2010/01/14 06:00:00
NL13,Heating Tertiary,2010,320,0.0002919880053930173,2010/01/14 07:00:00
NL13,Heating Tertiary,2010,321,0.00025424400469588576,2010/01/14 08:00:00
NL13,Heating Tertiary,2010,322,0.00022471300415044827,2010/01/14 09:00:00
NL13,Heating Tertiary,2010,323,0.00020437400377478702,2010/01/14 10:00:00
NL13,Heating Tertiary,2010,324,0.0001891000034926763,2010/01/14 11:00:00
NL13,Heating Tertiary,2010,325,0.00017862400329918466,2010/01/14 12:00:00
NL13,Heating Tertiary,2010,326,0.00017371500320851542,2010/01/14 13:00:00
NL13,Heating Tertiary,2010,327,0.00017370600320834917,2010/01/14 14:00:00
NL13,Heating Tertiary,2010,328,0.0001756180032436638,2010/01/14 15:00:00
NL13,Heating Tertiary,2010,329,0.00017623600325507825,2010/01/14 16:00:00
NL13,Heating Tertiary,2010,330,0.00017703400326981737,2010/01/14 17:00:00
NL13,Heating Tertiary,2010,331,0.00018075500333854418,2010/01/14 18:00:00
NL13,Heating Tertiary,2010,332,0.00019230200355181722,2010/01/14 19:00:00
NL13,Heating Tertiary,2010,333,0.00021556500398148474,2010/01/14 20:00:00
NL13,Heating Tertiary,2010,334,0.0002505200046271035,2010/01/14 21:00:00
NL13,Heating Tertiary,2010,335,0.0002922600053980411,2010/01/14 22:00:00
NL13,Heating Tertiary,2010,336,0.00033225300613671176,2010/01/14 23:00:00
NL13,Heating Tertiary,2010,337,0.0003032320056006939,2010/01/15 00:00:00
NL13,Heating Tertiary,2010,338,0.0003190890058935726,2010/01/15 01:00:00
NL13,Heating Tertiary,2010,339,0.00032726700604462027,2010/01/15 02:00:00
NL13,Heating Tertiary,2010,340,0.00033082200611028105,2010/01/15 03:00:00
NL13,Heating Tertiary,2010,341,0.0003259130060196119,2010/01/15 04:00:00
NL13,Heating Tertiary,2010,342,0.00030779100568489865,2010/01/15 05:00:00
NL13,Heating Tertiary,2010,343,0.000278266005139572,2010/01/15 06:00:00
NL13,Heating Tertiary,2010,344,0.0002436060044994019,2010/01/15 07:00:00
NL13,Heating Tertiary,2010,345,0.00021211600391778175,2010/01/15 08:00:00
NL13,Heating Tertiary,2010,346,0.00018747800346271797,2010/01/15 09:00:00
NL13,Heating Tertiary,2010,347,0.0001705090031493006,2010/01/15 10:00:00
NL13,Heating Tertiary,2010,348,0.00015776600291393742,2010/01/15 11:00:00
NL13,Heating Tertiary,2010,349,0.00014902600275250967,2010/01/15 12:00:00
NL13,Heating Tertiary,2010,350,0.00014493000267685658,2010/01/15 13:00:00
NL13,Heating Tertiary,2010,351,0.00014492300267672728,2010/01/15 14:00:00
NL13,Heating Tertiary,2010,352,0.00014651800270618691,2010/01/15 15:00:00
NL13,Heating Tertiary,2010,353,0.00014703400271571742,2010/01/15 16:00:00
NL13,Heating Tertiary,2010,354,0.00014769900272799992,2010/01/15 17:00:00
NL13,Heating Tertiary,2010,355,0.00015080300278533086,2010/01/15 18:00:00
NL13,Heating Tertiary,2010,356,0.0001604370029632708,2010/01/15 19:00:00
NL13,Heating Tertiary,2010,357,0.00017984600332175493,2010/01/15 20:00:00
NL13,Heating Tertiary,2010,358,0.00020900900386039545,2010/01/15 21:00:00
NL13,Heating Tertiary,2010,359,0.0002438330045035946,2010/01/15 22:00:00
NL13,Heating Tertiary,2010,360,0.0002771990051198645,2010/01/15 23:00:00
NL13,Heating Tertiary,2010,361,0.0003009460055584715,2010/01/16 00:00:00
NL13,Heating Tertiary,2010,362,0.0003157180058313103,2010/01/16 01:00:00
NL13,Heating Tertiary,2010,363,0.00032452300599393865,2010/01/16 02:00:00
NL13,Heating Tertiary,2010,364,0.000329694006089447,2010/01/16 03:00:00
NL13,Heating Tertiary,2010,365,0.0003261900060247281,2010/01/16 04:00:00
NL13,Heating Tertiary,2010,366,0.00030971700572047183,2010/01/16 05:00:00
NL13,Heating Tertiary,2010,367,0.0002819040052067658,2010/01/16 06:00:00
NL13,Heating Tertiary,2010,368,0.00024846500458914765,2010/01/16 07:00:00
NL13,Heating Tertiary,2010,369,0.00021578700398558508,2010/01/16 08:00:00
NL13,Heating Tertiary,2010,370,0.00018930400349644418,2010/01/16 09:00:00
NL13,Heating Tertiary,2010,371,0.0001703980031472504,2010/01/16 10:00:00
NL13,Heating Tertiary,2010,372,0.0001565670028917919,2010/01/16 11:00:00
NL13,Heating Tertiary,2010,373,0.00014657700270727665,2010/01/16 12:00:00
NL13,Heating Tertiary,2010,374,0.0001418790026205046,2010/01/16 13:00:00
NL13,Heating Tertiary,2010,375,0.00014220100262645193,2010/01/16 14:00:00
NL13,Heating Tertiary,2010,376,0.0001442250026638352,2010/01/16 15:00:00
NL13,Heating Tertiary,2010,377,0.00014494700267717056,2010/01/16 16:00:00
NL13,Heating Tertiary,2010,378,0.00014475300267358736,2010/01/16 17:00:00
NL13,Heating Tertiary,2010,379,0.00014614000269920523,2010/01/16 18:00:00
NL13,Heating Tertiary,2010,380,0.00015374800283972498,2010/01/16 19:00:00
NL13,Heating Tertiary,2010,381,0.0001727180031901008,2010/01/16 20:00:00
NL13,Heating Tertiary,2010,382,0.00020301700374972324,2010/01/16 21:00:00
NL13,Heating Tertiary,2010,383,0.00024061600444417664,2010/01/16 22:00:00
NL13,Heating Tertiary,2010,384,0.00027514300508189014,2010/01/16 23:00:00
NL13,Heating Tertiary,2010,385,0.0003054920056424361,2010/01/17 00:00:00
NL13,Heating Tertiary,2010,386,0.00032481100599925794,2010/01/17 01:00:00
NL13,Heating Tertiary,2010,387,0.00033350900615991,2010/01/17 02:00:00
NL13,Heating Tertiary,2010,388,0.00033704900622529384,2010/01/17 03:00:00
NL13,Heating Tertiary,2010,389,0.0003320480061329253,2010/01/17 04:00:00
NL13,Heating Tertiary,2010,390,0.0003153090058237561,2010/01/17 05:00:00
NL13,Heating Tertiary,2010,391,0.00028774500531464906,2010/01/17 06:00:00
NL13,Heating Tertiary,2010,392,0.0002544310046993396,2010/01/17 07:00:00
NL13,Heating Tertiary,2010,393,0.00022261400411167977,2010/01/17 08:00:00
NL13,Heating Tertiary,2010,394,0.00019777000365281118,2010/01/17 09:00:00
NL13,Heating Tertiary,2010,395,0.00018075500333854418,2010/01/17 10:00:00
NL13,Heating Tertiary,2010,396,0.00016775500309843422,2010/01/17 11:00:00
NL13,Heating Tertiary,2010,397,0.00015745600290821178,2010/01/17 12:00:00
NL13,Heating Tertiary,2010,398,0.0001517120028021201,2010/01/17 13:00:00
NL13,Heating Tertiary,2010,399,0.00014908100275352556,2010/01/17 14:00:00
NL13,Heating Tertiary,2010,400,0.00014803000273411356,2010/01/17 15:00:00
NL13,Heating Tertiary,2010,401,0.00014609100269830024,2010/01/17 16:00:00
NL13,Heating Tertiary,2010,402,0.00014523600268250838,2010/01/17 17:00:00
NL13,Heating Tertiary,2010,403,0.00014734600272148007,2010/01/17 18:00:00
NL13,Heating Tertiary,2010,404,0.00015583600287829034,2010/01/17 19:00:00
NL13,Heating Tertiary,2010,405,0.00017423100321804593,2010/01/17 20:00:00
NL13,Heating Tertiary,2010,406,0.00020223900373535358,2010/01/17 21:00:00
NL13,Heating Tertiary,2010,407,0.0002377500043912416,2010/01/17 22:00:00
NL13,Heating Tertiary,2010,408,0.00027489800507736505,2010/01/17 23:00:00
NL13,Heating Tertiary,2010,409,0.0002675190049410749,2010/01/18 00:00:00
NL13,Heating Tertiary,2010,410,0.0002815090051994702,2010/01/18 01:00:00
NL13,Heating Tertiary,2010,411,0.00028872300533271274,2010/01/18 02:00:00
NL13,Heating Tertiary,2010,412,0.0002918590053906347,2010/01/18 03:00:00
NL13,Heating Tertiary,2010,413,0.0002875280053106411,2010/01/18 04:00:00
NL13,Heating Tertiary,2010,414,0.00027154100501536126,2010/01/18 05:00:00
NL13,Heating Tertiary,2010,415,0.0002454930045342548,2010/01/18 06:00:00
NL13,Heating Tertiary,2010,416,0.00021491400396946077,2010/01/18 07:00:00
NL13,Heating Tertiary,2010,417,0.00018713300345634583,2010/01/18 08:00:00
NL13,Heating Tertiary,2010,418,0.00016539800305490044,2010/01/18 09:00:00
NL13,Heating Tertiary,2010,419,0.00015042700277838618,2010/01/18 10:00:00
NL13,Heating Tertiary,2010,420,0.00013918400257072796,2010/01/18 11:00:00
NL13,Heating Tertiary,2010,421,0.00013147400242832427,2010/01/18 12:00:00
NL13,Heating Tertiary,2010,422,0.0001278610023615922,2010/01/18 13:00:00
NL13,Heating Tertiary,2010,423,0.0001278540023614629,2010/01/18 14:00:00
NL13,Heating Tertiary,2010,424,0.00012926200238746866,2010/01/18 15:00:00
NL13,Heating Tertiary,2010,425,0.00012971700239587251,2010/01/18 16:00:00
NL13,Heating Tertiary,2010,426,0.0001303040024067144,2010/01/18 17:00:00
NL13,Heating Tertiary,2010,427,0.0001330430024573037,2010/01/18 18:00:00
NL13,Heating Tertiary,2010,428,0.00014154200261428022,2010/01/18 19:00:00
NL13,Heating Tertiary,2010,429,0.00015866400293052348,2010/01/18 20:00:00
NL13,Heating Tertiary,2010,430,0.00018439300340573802,2010/01/18 21:00:00
NL13,Heating Tertiary,2010,431,0.00021511500397317326,2010/01/18 22:00:00
NL13,Heating Tertiary,2010,432,0.00024455100451685604,2010/01/18 23:00:00
NL13,Heating Tertiary,2010,433,0.00022914300423227036,2010/01/19 00:00:00
NL13,Heating Tertiary,2010,434,0.00024112600445359633,2010/01/19 01:00:00
NL13,Heating Tertiary,2010,435,0.0002473060045677409,2010/01/19 02:00:00
NL13,Heating Tertiary,2010,436,0.0002499920046173513,2010/01/19 03:00:00
NL13,Heating Tertiary,2010,437,0.0002462830045488461,2010/01/19 04:00:00
NL13,Heating Tertiary,2010,438,0.00023258900429591798,2010/01/19 05:00:00
NL13,Heating Tertiary,2010,439,0.0002102770038838154,2010/01/19 06:00:00
NL13,Heating Tertiary,2010,440,0.00018408500340004927,2010/01/19 07:00:00
NL13,Heating Tertiary,2010,441,0.0001602890029605372,2010/01/19 08:00:00
NL13,Heating Tertiary,2010,442,0.00014167100261666283,2010/01/19 09:00:00
NL13,Heating Tertiary,2010,443,0.00012884900237984055,2010/01/19 10:00:00
NL13,Heating Tertiary,2010,444,0.00011921800220195602,2010/01/19 11:00:00
NL13,Heating Tertiary,2010,445,0.00011261400207998017,2010/01/19 12:00:00
NL13,Heating Tertiary,2010,446,0.00010952000202283399,2010/01/19 13:00:00
NL13,Heating Tertiary,2010,447,0.00010951400202272317,2010/01/19 14:00:00
NL13,Heating Tertiary,2010,448,0.00011072000204499798,2010/01/19 15:00:00
NL13,Heating Tertiary,2010,449,0.00011110900205218281,2010/01/19 16:00:00
NL13,Heating Tertiary,2010,450,0.00011161200206147321,2010/01/19 17:00:00
NL13,Heating Tertiary,2010,451,0.00011395700210478536,2010/01/19 18:00:00
NL13,Heating Tertiary,2010,452,0.00012123800223926541,2010/01/19 19:00:00
NL13,Heating Tertiary,2010,453,0.00013590400251014637,2010/01/19 20:00:00
NL13,Heating Tertiary,2010,454,0.00015794200291718817,2010/01/19 21:00:00
NL13,Heating Tertiary,2010,455,0.00018425700340322611,2010/01/19 22:00:00
NL13,Heating Tertiary,2010,456,0.0002094710038689286,2010/01/19 23:00:00
NL13,Heating Tertiary,2010,457,0.0002481090045825723,2010/01/20 00:00:00
NL13,Heating Tertiary,2010,458,0.0002610840048222205,2010/01/20 01:00:00
NL13,Heating Tertiary,2010,459,0.00026777500494580325,2010/01/20 02:00:00
NL13,Heating Tertiary,2010,460,0.000270683004999514,2010/01/20 03:00:00
NL13,Heating Tertiary,2010,461,0.0002666670049253385,2010/01/20 04:00:00
NL13,Heating Tertiary,2010,462,0.00025184000465148387,2010/01/20 05:00:00
NL13,Heating Tertiary,2010,463,0.0002276820042052857,2010/01/20 06:00:00
NL13,Heating Tertiary,2010,464,0.00019932100368145813,2010/01/20 07:00:00
NL13,Heating Tertiary,2010,465,0.00017355600320557863,2010/01/20 08:00:00
NL13,Heating Tertiary,2010,466,0.00015339700283324207,2010/01/20 09:00:00
NL13,Heating Tertiary,2010,467,0.00013951400257682307,2010/01/20 10:00:00
NL13,Heating Tertiary,2010,468,0.00012908600238421795,2010/01/20 11:00:00
NL13,Heating Tertiary,2010,469,0.000121935002252139,2010/01/20 12:00:00
NL13,Heating Tertiary,2010,470,0.00011858400219024605,2010/01/20 13:00:00
NL13,Heating Tertiary,2010,471,0.00011857800219013523,2010/01/20 14:00:00
NL13,Heating Tertiary,2010,472,0.00011988400221425704,2010/01/20 15:00:00
NL13,Heating Tertiary,2010,473,0.00012030500222203291,2010/01/20 16:00:00
NL13,Heating Tertiary,2010,474,0.00012085000223209905,2010/01/20 17:00:00
NL13,Heating Tertiary,2010,475,0.00012339000227901283,2010/01/20 18:00:00
NL13,Heating Tertiary,2010,476,0.00013127200242459336,2010/01/20 19:00:00
NL13,Heating Tertiary,2010,477,0.00014715300271791535,2010/01/20 20:00:00
NL13,Heating Tertiary,2010,478,0.00017101400315862794,2010/01/20 21:00:00
NL13,Heating Tertiary,2010,479,0.00019950800368491204,2010/01/20 22:00:00
NL13,Heating Tertiary,2010,480,0.0002268080041891429,2010/01/20 23:00:00
NL13,Heating Tertiary,2010,481,0.0002675190049410749,2010/01/21 00:00:00
NL13,Heating Tertiary,2010,482,0.0002815090051994702,2010/01/21 01:00:00
NL13,Heating Tertiary,2010,483,0.00028872300533271274,2010/01/21 02:00:00
NL13,Heating Tertiary,2010,484,0.0002918590053906347,2010/01/21 03:00:00
NL13,Heating Tertiary,2010,485,0.0002875280053106411,2010/01/21 04:00:00
NL13,Heating Tertiary,2010,486,0.00027154100501536126,2010/01/21 05:00:00
NL13,Heating Tertiary,2010,487,0.0002454930045342548,2010/01/21 06:00:00
NL13,Heating Tertiary,2010,488,0.00021491400396946077,2010/01/21 07:00:00
NL13,Heating Tertiary,2010,489,0.00018713300345634583,2010/01/21 08:00:00
NL13,Heating Tertiary,2010,490,0.00016539800305490044,2010/01/21 09:00:00
NL13,Heating Tertiary,2010,491,0.00015042700277838618,2010/01/21 10:00:00
NL13,Heating Tertiary,2010,492,0.00013918400257072796,2010/01/21 11:00:00
NL13,Heating Tertiary,2010,493,0.00013147400242832427,2010/01/21 12:00:00
NL13,Heating Tertiary,2010,494,0.0001278610023615922,2010/01/21 13:00:00
NL13,Heating Tertiary,2010,495,0.0001278540023614629,2010/01/21 14:00:00
NL13,Heating Tertiary,2010,496,0.00012926200238746866,2010/01/21 15:00:00
NL13,Heating Tertiary,2010,497,0.00012971700239587251,2010/01/21 16:00:00
NL13,Heating Tertiary,2010,498,0.0001303040024067144,2010/01/21 17:00:00
NL13,Heating Tertiary,2010,499,0.0001330430024573037,2010/01/21 18:00:00
NL13,Heating Tertiary,2010,500,0.00014154200261428022,2010/01/21 19:00:00
NL13,Heating Tertiary,2010,501,0.00015866400293052348,2010/01/21 20:00:00
NL13,Heating Tertiary,2010,502,0.00018439300340573802,2010/01/21 21:00:00
NL13,Heating Tertiary,2010,503,0.00021511500397317326,2010/01/21 22:00:00
NL13,Heating Tertiary,2010,504,0.00024455100451685604,2010/01/21 23:00:00
NL13,Heating Tertiary,2010,505,0.0003032320056006939,2010/01/22 00:00:00
NL13,Heating Tertiary,2010,506,0.0003190890058935726,2010/01/22 01:00:00
NL13,Heating Tertiary,2010,507,0.00032726700604462027,2010/01/22 02:00:00
NL13,Heating Tertiary,2010,508,0.00033082200611028105,2010/01/22 03:00:00
NL13,Heating Tertiary,2010,509,0.0003259130060196119,2010/01/22 04:00:00
NL13,Heating Tertiary,2010,510,0.00030779100568489865,2010/01/22 05:00:00
NL13,Heating Tertiary,2010,511,0.000278266005139572,2010/01/22 06:00:00
NL13,Heating Tertiary,2010,512,0.0002436060044994019,2010/01/22 07:00:00
NL13,Heating Tertiary,2010,513,0.00021211600391778175,2010/01/22 08:00:00
NL13,Heating Tertiary,2010,514,0.00018747800346271797,2010/01/22 09:00:00
NL13,Heating Tertiary,2010,515,0.0001705090031493006,2010/01/22 10:00:00
NL13,Heating Tertiary,2010,516,0.00015776600291393742,2010/01/22 11:00:00
NL13,Heating Tertiary,2010,517,0.00014902600275250967,2010/01/22 12:00:00
NL13,Heating Tertiary,2010,518,0.00014493000267685658,2010/01/22 13:00:00
NL13,Heating Tertiary,2010,519,0.00014492300267672728,2010/01/22 14:00:00
NL13,Heating Tertiary,2010,520,0.00014651800270618691,2010/01/22 15:00:00
NL13,Heating Tertiary,2010,521,0.00014703400271571742,2010/01/22 16:00:00
NL13,Heating Tertiary,2010,522,0.00014769900272799992,2010/01/22 17:00:00
NL13,Heating Tertiary,2010,523,0.00015080300278533086,2010/01/22 18:00:00
NL13,Heating Tertiary,2010,524,0.0001604370029632708,2010/01/22 19:00:00
NL13,Heating Tertiary,2010,525,0.00017984600332175493,2010/01/22 20:00:00
NL13,Heating Tertiary,2010,526,0.00020900900386039545,2010/01/22 21:00:00
NL13,Heating Tertiary,2010,527,0.0002438330045035946,2010/01/22 22:00:00
NL13,Heating Tertiary,2010,528,0.0002771990051198645,2010/01/22 23:00:00
NL13,Heating Tertiary,2010,529,0.00036052700665893233,2010/01/23 00:00:00
NL13,Heating Tertiary,2010,530,0.00037822500698581437,2010/01/23 01:00:00
NL13,Heating Tertiary,2010,531,0.0003887720071806174,2010/01/23 02:00:00
NL13,Heating Tertiary,2010,532,0.000394967007295039,2010/01/23 03:00:00
NL13,Heating Tertiary,2010,533,0.00039077000721752045,2010/01/23 04:00:00
NL13,Heating Tertiary,2010,534,0.0003710350068530151,2010/01/23 05:00:00
NL13,Heating Tertiary,2010,535,0.0003377150062375948,2010/01/23 06:00:00
NL13,Heating Tertiary,2010,536,0.00029765700549772364,2010/01/23 07:00:00
NL13,Heating Tertiary,2010,537,0.0002585090047746603,2010/01/23 08:00:00
NL13,Heating Tertiary,2010,538,0.00022678300418868115,2010/01/23 09:00:00
NL13,Heating Tertiary,2010,539,0.0002041340037703542,2010/01/23 10:00:00
NL13,Heating Tertiary,2010,540,0.00018756400346430638,2010/01/23 11:00:00
NL13,Heating Tertiary,2010,541,0.00017559700324327595,2010/01/23 12:00:00
NL13,Heating Tertiary,2010,542,0.0001699680031393083,2010/01/23 13:00:00
NL13,Heating Tertiary,2010,543,0.00017035300314641923,2010/01/23 14:00:00
NL13,Heating Tertiary,2010,544,0.00017277900319122752,2010/01/23 15:00:00
NL13,Heating Tertiary,2010,545,0.00017364400320720404,2010/01/23 16:00:00
NL13,Heating Tertiary,2010,546,0.0001734110032029005,2010/01/23 17:00:00
NL13,Heating Tertiary,2010,547,0.00017507300323359762,2010/01/23 18:00:00
NL13,Heating Tertiary,2010,548,0.0001841870034019332,2010/01/23 19:00:00
NL13,Heating Tertiary,2010,549,0.00020691300382168234,2010/01/23 20:00:00
NL13,Heating Tertiary,2010,550,0.0002432100044920878,2010/01/23 21:00:00
NL13,Heating Tertiary,2010,551,0.00028825400532405033,2010/01/23 22:00:00
NL13,Heating Tertiary,2010,552,0.00032961600608800626,2010/01/23 23:00:00
NL13,Heating Tertiary,2010,553,0.00036597300675952,2010/01/24 00:00:00
NL13,Heating Tertiary,2010,554,0.0003891180071870081,2010/01/24 01:00:00
NL13,Heating Tertiary,2010,555,0.0003995380073794654,2010/01/24 02:00:00
NL13,Heating Tertiary,2010,556,0.0004037780074577782,2010/01/24 03:00:00
NL13,Heating Tertiary,2010,557,0.0003977870073471244,2010/01/24 04:00:00
NL13,Heating Tertiary,2010,558,0.00037773400697674553,2010/01/24 05:00:00
NL13,Heating Tertiary,2010,559,0.0003447130063668478,2010/01/24 06:00:00
NL13,Heating Tertiary,2010,560,0.0003048040056297288,2010/01/24 07:00:00
NL13,Heating Tertiary,2010,561,0.0002666870049257079,2010/01/24 08:00:00
NL13,Heating Tertiary,2010,562,0.00023692600437602232,2010/01/24 09:00:00
NL13,Heating Tertiary,2010,563,0.00021654100399951147,2010/01/24 10:00:00
NL13,Heating Tertiary,2010,564,0.0002009680037118782,2010/01/24 11:00:00
NL13,Heating Tertiary,2010,565,0.00018862900348397691,2010/01/24 12:00:00
NL13,Heating Tertiary,2010,566,0.00018174800335688486,2010/01/24 13:00:00
NL13,Heating Tertiary,2010,567,0.00017859600329866743,2010/01/24 14:00:00
NL13,Heating Tertiary,2010,568,0.00017733700327541378,2010/01/24 15:00:00
NL13,Heating Tertiary,2010,569,0.00017501400323250793,2010/01/24 16:00:00
NL13,Heating Tertiary,2010,570,0.00017399000321359465,2010/01/24 17:00:00
NL13,Heating Tertiary,2010,571,0.0001765180032602868,2010/01/24 18:00:00
NL13,Heating Tertiary,2010,572,0.00018668900344814512,2010/01/24 19:00:00
NL13,Heating Tertiary,2010,573,0.00020872600385516844,2010/01/24 20:00:00
NL13,Heating Tertiary,2010,574,0.00024227800447487375,2010/01/24 21:00:00
NL13,Heating Tertiary,2010,575,0.0002848210052606428,2010/01/24 22:00:00
NL13,Heating Tertiary,2010,576,0.00032932200608257607,2010/01/24 23:00:00
NL13,Heating Tertiary,2010,577,0.0003634570067130494,2010/01/25 00:00:00
NL13,Heating Tertiary,2010,578,0.00038246400706410863,2010/01/25 01:00:00
NL13,Heating Tertiary,2010,579,0.0003922660072451516,2010/01/25 02:00:00
NL13,Heating Tertiary,2010,580,0.0003965270073238522,2010/01/25 03:00:00
NL13,Heating Tertiary,2010,581,0.0003906430072151747,2010/01/25 04:00:00
NL13,Heating Tertiary,2010,582,0.000368922006813988,2010/01/25 05:00:00
NL13,Heating Tertiary,2010,583,0.00033353300616035327,2010/01/25 06:00:00
NL13,Heating Tertiary,2010,584,0.0002919880053930173,2010/01/25 07:00:00
NL13,Heating Tertiary,2010,585,0.00025424400469588576,2010/01/25 08:00:00
NL13,Heating Tertiary,2010,586,0.00022471300415044827,2010/01/25 09:00:00
NL13,Heating Tertiary,2010,587,0.00020437400377478702,2010/01/25 10:00:00
NL13,Heating Tertiary,2010,588,0.0001891000034926763,2010/01/25 11:00:00
NL13,Heating Tertiary,2010,589,0.00017862400329918466,2010/01/25 12:00:00
NL13,Heating Tertiary,2010,590,0.00017371500320851542,2010/01/25 13:00:00
NL13,Heating Tertiary,2010,591,0.00017370600320834917,2010/01/25 14:00:00
NL13,Heating Tertiary,2010,592,0.0001756180032436638,2010/01/25 15:00:00
NL13,Heating Tertiary,2010,593,0.00017623600325507825,2010/01/25 16:00:00
NL13,Heating Tertiary,2010,594,0.00017703400326981737,2010/01/25 17:00:00
NL13,Heating Tertiary,2010,595,0.00018075500333854418,2010/01/25 18:00:00
NL13,Heating Tertiary,2010,596,0.00019230200355181722,2010/01/25 19:00:00
NL13,Heating Tertiary,2010,597,0.00021556500398148474,2010/01/25 20:00:00
NL13,Heating Tertiary,2010,598,0.0002505200046271035,2010/01/25 21:00:00
NL13,Heating Tertiary,2010,599,0.0002922600053980411,2010/01/25 22:00:00
NL13,Heating Tertiary,2010,600,0.00033225300613671176,2010/01/25 23:00:00
NL13,Heating Tertiary,2010,601,0.0004071560075201698,2010/01/26 00:00:00
NL13,Heating Tertiary,2010,602,0.00042844900791345143,2010/01/26 01:00:00
NL13,Heating Tertiary,2010,603,0.0004394280081162336,2010/01/26 02:00:00
NL13,Heating Tertiary,2010,604,0.0004442020082044093,2010/01/26 03:00:00
NL13,Heating Tertiary,2010,605,0.00043761100808267355,2010/01/26 04:00:00
NL13,Heating Tertiary,2010,606,0.00041327800763324315,2010/01/26 05:00:00
NL13,Heating Tertiary,2010,607,0.0003736340069010186,2010/01/26 06:00:00
NL13,Heating Tertiary,2010,608,0.00032709400604142495,2010/01/26 07:00:00
NL13,Heating Tertiary,2010,609,0.0002848120052604766,2010/01/26 08:00:00
NL13,Heating Tertiary,2010,610,0.00025173100464947063,2010/01/26 09:00:00
NL13,Heating Tertiary,2010,611,0.00022894600422863177,2010/01/26 10:00:00
NL13,Heating Tertiary,2010,612,0.00021183500391259167,2010/01/26 11:00:00
NL13,Heating Tertiary,2010,613,0.00020010100369586471,2010/01/26 12:00:00
NL13,Heating Tertiary,2010,614,0.00019460100359427974,2010/01/26 13:00:00
NL13,Heating Tertiary,2010,615,0.00019459100359409505,2010/01/26 14:00:00
NL13,Heating Tertiary,2010,616,0.0001967330036336578,2010/01/26 15:00:00
NL13,Heating Tertiary,2010,617,0.00019742500364643901,2010/01/26 16:00:00
NL13,Heating Tertiary,2010,618,0.00019831900366295118,2010/01/26 17:00:00
NL13,Heating Tertiary,2010,619,0.00020248700373993412,2010/01/26 18:00:00
NL13,Heating Tertiary,2010,620,0.00021542200397884354,2010/01/26 19:00:00
NL13,Heating Tertiary,2010,621,0.0002414830044601901,2010/01/26 20:00:00
NL13,Heating Tertiary,2010,622,0.00028064100518343824,2010/01/26 21:00:00
NL13,Heating Tertiary,2010,623,0.00032739900604705834,2010/01/26 22:00:00
NL13,Heating Tertiary,2010,624,0.0003722010068745511,2010/01/26 23:00:00
NL13,Heating Tertiary,2010,625,0.00045307400836827513,2010/01/27 00:00:00
NL13,Heating Tertiary,2010,626,0.0004767670088058847,2010/01/27 01:00:00
NL13,Heating Tertiary,2010,627,0.0004889850090315512,2010/01/27 02:00:00
NL13,Heating Tertiary,2010,628,0.0004942970091296638,2010/01/27 03:00:00
NL13,Heating Tertiary,2010,629,0.0004869620089941863,2010/01/27 04:00:00
NL13,Heating Tertiary,2010,630,0.00045988600849409275,2010/01/27 05:00:00
NL13,Heating Tertiary,2010,631,0.00041577100767928885,2010/01/27 06:00:00
NL13,Heating Tertiary,2010,632,0.0003639820067227462,2010/01/27 07:00:00
NL13,Heating Tertiary,2010,633,0.0003169320058537329,2010/01/27 08:00:00
NL13,Heating Tertiary,2010,634,0.00028012000517381534,2010/01/27 09:00:00
NL13,Heating Tertiary,2010,635,0.00025476600470552706,2010/01/27 10:00:00
NL13,Heating Tertiary,2010,636,0.00023572500435383988,2010/01/27 11:00:00
NL13,Heating Tertiary,2010,637,0.00022266700411265866,2010/01/27 12:00:00
NL13,Heating Tertiary,2010,638,0.00021654800399964076,2010/01/27 13:00:00
NL13,Heating Tertiary,2010,639,0.00021653600399941912,2010/01/27 14:00:00
NL13,Heating Tertiary,2010,640,0.00021892000404345158,2010/01/27 15:00:00
NL13,Heating Tertiary,2010,641,0.00021969000405767347,2010/01/27 16:00:00
NL13,Heating Tertiary,2010,642,0.00022068500407605113,2010/01/27 17:00:00
NL13,Heating Tertiary,2010,643,0.0002253220041616965,2010/01/27 18:00:00
NL13,Heating Tertiary,2010,644,0.0002397170044275721,2010/01/27 19:00:00
NL13,Heating Tertiary,2010,645,0.00026871700496320196,2010/01/27 20:00:00
NL13,Heating Tertiary,2010,646,0.00031229000576799514,2010/01/27 21:00:00
NL13,Heating Tertiary,2010,647,0.00036432200672902596,2010/01/27 22:00:00
NL13,Heating Tertiary,2010,648,0.00041417600764982916,2010/01/27 23:00:00
NL13,Heating Tertiary,2010,649,0.000321643005940745,2010/01/28 00:00:00
NL13,Heating Tertiary,2010,650,0.0003384640062514288,2010/01/28 01:00:00
NL13,Heating Tertiary,2010,651,0.0003471380064116377,2010/01/28 02:00:00
NL13,Heating Tertiary,2010,652,0.0003509090064812879,2010/01/28 03:00:00
NL13,Heating Tertiary,2010,653,0.00034570200638511464,2010/01/28 04:00:00
NL13,Heating Tertiary,2010,654,0.0003264800060300844,2010/01/28 05:00:00
NL13,Heating Tertiary,2010,655,0.00029516100545162255,2010/01/28 06:00:00
NL13,Heating Tertiary,2010,656,0.00025839600477257316,2010/01/28 07:00:00
NL13,Heating Tertiary,2010,657,0.00022499500415565683,2010/01/28 08:00:00
NL13,Heating Tertiary,2010,658,0.0001988610036729619,2010/01/28 09:00:00
NL13,Heating Tertiary,2010,659,0.00018086200334052046,2010/01/28 10:00:00
NL13,Heating Tertiary,2010,660,0.00016734500309086153,2010/01/28 11:00:00
NL13,Heating Tertiary,2010,661,0.00015807500291964465,2010/01/28 12:00:00
NL13,Heating Tertiary,2010,662,0.00015373000283939252,2010/01/28 13:00:00
NL13,Heating Tertiary,2010,663,0.00015372200283924478,2010/01/28 14:00:00
NL13,Heating Tertiary,2010,664,0.00015541500287051446,2010/01/28 15:00:00
NL13,Heating Tertiary,2010,665,0.0001559610028805991,2010/01/28 16:00:00
NL13,Heating Tertiary,2010,666,0.0001566670028936389,2010/01/28 17:00:00
NL13,Heating Tertiary,2010,667,0.0001599600029544606,2010/01/28 18:00:00
NL13,Heating Tertiary,2010,668,0.00017017800314318701,2010/01/28 19:00:00
NL13,Heating Tertiary,2010,669,0.0001907660035234473,2010/01/28 20:00:00
NL13,Heating Tertiary,2010,670,0.00022170000409479817,2010/01/28 21:00:00
NL13,Heating Tertiary,2010,671,0.0002586370047770244,2010/01/28 22:00:00
NL13,Heating Tertiary,2010,672,0.000294030005430733,2010/01/28 23:00:00
NL13,Heating Tertiary,2010,673,0.0002481090045825723,2010/01/29 00:00:00
NL13,Heating Tertiary,2010,674,0.0002610840048222205,2010/01/29 01:00:00
NL13,Heating Tertiary,2010,675,0.00026777500494580325,2010/01/29 02:00:00
NL13,Heating Tertiary,2010,676,0.000270683004999514,2010/01/29 03:00:00
NL13,Heating Tertiary,2010,677,0.0002666670049253385,2010/01/29 04:00:00
NL13,Heating Tertiary,2010,678,0.00025184000465148387,2010/01/29 05:00:00
NL13,Heating Tertiary,2010,679,0.0002276820042052857,2010/01/29 06:00:00
NL13,Heating Tertiary,2010,680,0.00019932100368145813,2010/01/29 07:00:00
NL13,Heating Tertiary,2010,681,0.00017355600320557863,2010/01/29 08:00:00
NL13,Heating Tertiary,2010,682,0.00015339700283324207,2010/01/29 09:00:00
NL13,Heating Tertiary,2010,683,0.00013951400257682307,2010/01/29 10:00:00
NL13,Heating Tertiary,2010,684,0.00012908600238421795,2010/01/29 11:00:00
NL13,Heating Tertiary,2010,685,0.000121935002252139,2010/01/29 12:00:00
NL13,Heating Tertiary,2010,686,0.00011858400219024605,2010/01/29 13:00:00
NL13,Heating Tertiary,2010,687,0.00011857800219013523,2010/01/29 14:00:00
NL13,Heating Tertiary,2010,688,0.00011988400221425704,2010/01/29 15:00:00
NL13,Heating Tertiary,2010,689,0.00012030500222203291,2010/01/29 16:00:00
NL13,Heating Tertiary,2010,690,0.00012085000223209905,2010/01/29 17:00:00
NL13,Heating Tertiary,2010,691,0.00012339000227901283,2010/01/29 18:00:00
NL13,Heating Tertiary,2010,692,0.00013127200242459336,2010/01/29 19:00:00
NL13,Heating Tertiary,2010,693,0.00014715300271791535,2010/01/29 20:00:00
NL13,Heating Tertiary,2010,694,0.00017101400315862794,2010/01/29 21:00:00
NL13,Heating Tertiary,2010,695,0.00019950800368491204,2010/01/29 22:00:00
NL13,Heating Tertiary,2010,696,0.0002268080041891429,2010/01/29 23:00:00
NL13,Heating Tertiary,2010,697,0.0003009460055584715,2010/01/30 00:00:00
NL13,Heating Tertiary,2010,698,0.0003157180058313103,2010/01/30 01:00:00
NL13,Heating Tertiary,2010,699,0.00032452300599393865,2010/01/30 02:00:00
NL13,Heating Tertiary,2010,700,0.000329694006089447,2010/01/30 03:00:00
NL13,Heating Tertiary,2010,701,0.0003261900060247281,2010/01/30 04:00:00
NL13,Heating Tertiary,2010,702,0.00030971700572047183,2010/01/30 05:00:00
NL13,Heating Tertiary,2010,703,0.0002819040052067658,2010/01/30 06:00:00
NL13,Heating Tertiary,2010,704,0.00024846500458914765,2010/01/30 07:00:00
NL13,Heating Tertiary,2010,705,0.00021578700398558508,2010/01/30 08:00:00
NL13,Heating Tertiary,2010,706,0.00018930400349644418,2010/01/30 09:00:00
NL13,Heating Tertiary,2010,707,0.0001703980031472504,2010/01/30 10:00:00
NL13,Heating Tertiary,2010,708,0.0001565670028917919,2010/01/30 11:00:00
NL13,Heating Tertiary,2010,709,0.00014657700270727665,2010/01/30 12:00:00
NL13,Heating Tertiary,2010,710,0.0001418790026205046,2010/01/30 13:00:00
NL13,Heating Tertiary,2010,711,0.00014220100262645193,2010/01/30 14:00:00
NL13,Heating Tertiary,2010,712,0.0001442250026638352,2010/01/30 15:00:00
NL13,Heating Tertiary,2010,713,0.00014494700267717056,2010/01/30 16:00:00
NL13,Heating Tertiary,2010,714,0.00014475300267358736,2010/01/30 17:00:00
NL13,Heating Tertiary,2010,715,0.00014614000269920523,2010/01/30 18:00:00
NL13,Heating Tertiary,2010,716,0.00015374800283972498,2010/01/30 19:00:00
NL13,Heating Tertiary,2010,717,0.0001727180031901008,2010/01/30 20:00:00
NL13,Heating Tertiary,2010,718,0.00020301700374972324,2010/01/30 21:00:00
NL13,Heating Tertiary,2010,719,0.00024061600444417664,2010/01/30 22:00:00
NL13,Heating Tertiary,2010,720,0.00027514300508189014,2010/01/30 23:00:00
NL13,Heating Tertiary,2010,721,0.0003439150063521088,2010/01/31 00:00:00
NL13,Heating Tertiary,2010,722,0.0003656650067538312,2010/01/31 01:00:00
NL13,Heating Tertiary,2010,723,0.00037545700693468936,2010/01/31 02:00:00
NL13,Heating Tertiary,2010,724,0.00037944200700829235,2010/01/31 03:00:00
NL13,Heating Tertiary,2010,725,0.00037381200690430623,2010/01/31 04:00:00
NL13,Heating Tertiary,2010,726,0.00035496700655623914,2010/01/31 05:00:00
NL13,Heating Tertiary,2010,727,0.0003239370059831152,2010/01/31 06:00:00
NL13,Heating Tertiary,2010,728,0.00028643300529041643,2010/01/31 07:00:00
NL13,Heating Tertiary,2010,729,0.00025061300462882115,2010/01/31 08:00:00
NL13,Heating Tertiary,2010,730,0.00022264500411225233,2010/01/31 09:00:00
NL13,Heating Tertiary,2010,731,0.00020349000375845955,2010/01/31 10:00:00
NL13,Heating Tertiary,2010,732,0.00018885500348815113,2010/01/31 11:00:00
NL13,Heating Tertiary,2010,733,0.00017726000327399153,2010/01/31 12:00:00
NL13,Heating Tertiary,2010,734,0.00017079300315454607,2010/01/31 13:00:00
NL13,Heating Tertiary,2010,735,0.00016783100309983795,2010/01/31 14:00:00
NL13,Heating Tertiary,2010,736,0.0001666490030780064,2010/01/31 15:00:00
NL13,Heating Tertiary,2010,737,0.00016446600303768636,2010/01/31 16:00:00
NL13,Heating Tertiary,2010,738,0.0001635030030198998,2010/01/31 17:00:00
NL13,Heating Tertiary,2010,739,0.00016587800306376604,2010/01/31 18:00:00
NL13,Heating Tertiary,2010,740,0.00017543700324032074,2010/01/31 19:00:00
NL13,Heating Tertiary,2010,741,0.00019614500362279743,2010/01/31 20:00:00
NL13,Heating Tertiary,2010,742,0.00022767500420515642,2010/01/31 21:00:00
NL13,Heating Tertiary,2010,743,0.0002676540049435684,2010/01/31 22:00:00
NL13,Heating Tertiary,2010,744,0.0003094730057159652,2010/01/31 23:00:00
NL13,Heating Tertiary,2010,745,0.0003032320056006939,2010/02/01 00:00:00
NL13,Heating Tertiary,2010,746,0.0003190890058935726,2010/02/01 01:00:00
NL13,Heating Tertiary,2010,747,0.00032726700604462027,2010/02/01 02:00:00
NL13,Heating Tertiary,2010,748,0.00033082200611028105,2010/02/01 03:00:00
NL13,Heating Tertiary,2010,749,0.0003259130060196119,2010/02/01 04:00:00
NL13,Heating Tertiary,2010,750,0.00030779100568489865,2010/02/01 05:00:00
NL13,Heating Tertiary,2010,751,0.000278266005139572,2010/02/01 06:00:00
NL13,Heating Tertiary,2010,752,0.0002436060044994019,2010/02/01 07:00:00
NL13,Heating Tertiary,2010,753,0.00021211600391778175,2010/02/01 08:00:00
NL13,Heating Tertiary,2010,754,0.00018747800346271797,2010/02/01 09:00:00
NL13,Heating Tertiary,2010,755,0.0001705090031493006,2010/02/01 10:00:00
NL13,Heating Tertiary,2010,756,0.00015776600291393742,2010/02/01 11:00:00
NL13,Heating Tertiary,2010,757,0.00014902600275250967,2010/02/01 12:00:00
NL13,Heating Tertiary,2010,758,0.00014493000267685658,2010/02/01 13:00:00
NL13,Heating Tertiary,2010,759,0.00014492300267672728,2010/02/01 14:00:00
NL13,Heating Tertiary,2010,760,0.00014651800270618691,2010/02/01 15:00:00
NL13,Heating Tertiary,2010,761,0.00014703400271571742,2010/02/01 16:00:00
NL13,Heating Tertiary,2010,762,0.00014769900272799992,2010/02/01 17:00:00
NL13,Heating Tertiary,2010,763,0.00015080300278533086,2010/02/01 18:00:00
NL13,Heating Tertiary,2010,764,0.0001604370029632708,2010/02/01 19:00:00
NL13,Heating Tertiary,2010,765,0.00017984600332175493,2010/02/01 20:00:00
NL13,Heating Tertiary,2010,766,0.00020900900386039545,2010/02/01 21:00:00
NL13,Heating Tertiary,2010,767,0.0002438330045035946,2010/02/01 22:00:00
NL13,Heating Tertiary,2010,768,0.0002771990051198645,2010/02/01 23:00:00
NL13,Heating Tertiary,2010,769,0.0002675190049410749,2010/02/02 00:00:00
NL13,Heating Tertiary,2010,770,0.0002815090051994702,2010/02/02 01:00:00
NL13,Heating Tertiary,2010,771,0.00028872300533271274,2010/02/02 02:00:00
NL13,Heating Tertiary,2010,772,0.0002918590053906347,2010/02/02 03:00:00
NL13,Heating Tertiary,2010,773,0.0002875280053106411,2010/02/02 04:00:00
NL13,Heating Tertiary,2010,774,0.00027154100501536126,2010/02/02 05:00:00
NL13,Heating Tertiary,2010,775,0.0002454930045342548,2010/02/02 06:00:00
NL13,Heating Tertiary,2010,776,0.00021491400396946077,2010/02/02 07:00:00
NL13,Heating Tertiary,2010,777,0.00018713300345634583,2010/02/02 08:00:00
NL13,Heating Tertiary,2010,778,0.00016539800305490044,2010/02/02 09:00:00
NL13,Heating Tertiary,2010,779,0.00015042700277838618,2010/02/02 10:00:00
NL13,Heating Tertiary,2010,780,0.00013918400257072796,2010/02/02 11:00:00
NL13,Heating Tertiary,2010,781,0.00013147400242832427,2010/02/02 12:00:00
NL13,Heating Tertiary,2010,782,0.0001278610023615922,2010/02/02 13:00:00
NL13,Heating Tertiary,2010,783,0.0001278540023614629,2010/02/02 14:00:00
NL13,Heating Tertiary,2010,784,0.00012926200238746866,2010/02/02 15:00:00
NL13,Heating Tertiary,2010,785,0.00012971700239587251,2010/02/02 16:00:00
NL13,Heating Tertiary,2010,786,0.0001303040024067144,2010/02/02 17:00:00
NL13,Heating Tertiary,2010,787,0.0001330430024573037,2010/02/02 18:00:00
NL13,Heating Tertiary,2010,788,0.00014154200261428022,2010/02/02 19:00:00
NL13,Heating Tertiary,2010,789,0.00015866400293052348,2010/02/02 20:00:00
NL13,Heating Tertiary,2010,790,0.00018439300340573802,2010/02/02 21:00:00
NL13,Heating Tertiary,2010,791,0.00021511500397317326,2010/02/02 22:00:00
NL13,Heating Tertiary,2010,792,0.00024455100451685604,2010/02/02 23:00:00
NL13,Heating Tertiary,2010,793,0.0002675190049410749,2010/02/03 00:00:00
NL13,Heating Tertiary,2010,794,0.0002815090051994702,2010/02/03 01:00:00
NL13,Heating Tertiary,2010,795,0.00028872300533271274,2010/02/03 02:00:00
NL13,Heating Tertiary,2010,796,0.0002918590053906347,2010/02/03 03:00:00
NL13,Heating Tertiary,2010,797,0.0002875280053106411,2010/02/03 04:00:00
NL13,Heating Tertiary,2010,798,0.00027154100501536126,2010/02/03 05:00:00
NL13,Heating Tertiary,2010,799,0.0002454930045342548,2010/02/03 06:00:00
NL13,Heating Tertiary,2010,800,0.00021491400396946077,2010/02/03 07:00:00
NL13,Heating Tertiary,2010,801,0.00018713300345634583,2010/02/03 08:00:00
NL13,Heating Tertiary,2010,802,0.00016539800305490044,2010/02/03 09:00:00
NL13,Heating Tertiary,2010,803,0.00015042700277838618,2010/02/03 10:00:00
NL13,Heating Tertiary,2010,804,0.00013918400257072796,2010/02/03 11:00:00
NL13,Heating Tertiary,2010,805,0.00013147400242832427,2010/02/03 12:00:00
NL13,Heating Tertiary,2010,806,0.0001278610023615922,2010/02/03 13:00:00
NL13,Heating Tertiary,2010,807,0.0001278540023614629,2010/02/03 14:00:00
NL13,Heating Tertiary,2010,808,0.00012926200238746866,2010/02/03 15:00:00
NL13,Heating Tertiary,2010,809,0.00012971700239587251,2010/02/03 16:00:00
NL13,Heating Tertiary,2010,810,0.0001303040024067144,2010/02/03 17:00:00
NL13,Heating Tertiary,2010,811,0.0001330430024573037,2010/02/03 18:00:00
NL13,Heating Tertiary,2010,812,0.00014154200261428022,2010/02/03 19:00:00
NL13,Heating Tertiary,2010,813,0.00015866400293052348,2010/02/03 20:00:00
NL13,Heating Tertiary,2010,814,0.00018439300340573802,2010/02/03 21:00:00
NL13,Heating Tertiary,2010,815,0.00021511500397317326,2010/02/03 22:00:00
NL13,Heating Tertiary,2010,816,0.00024455100451685604,2010/02/03 23:00:00
NL13,Heating Tertiary,2010,817,0.0002675190049410749,2010/02/04 00:00:00
NL13,Heating Tertiary,2010,818,0.0002815090051994702,2010/02/04 01:00:00
NL13,Heating Tertiary,2010,819,0.00028872300533271274,2010/02/04 02:00:00
NL13,Heating Tertiary,2010,820,0.0002918590053906347,2010/02/04 03:00:00
NL13,Heating Tertiary,2010,821,0.0002875280053106411,2010/02/04 04:00:00
NL13,Heating Tertiary,2010,822,0.00027154100501536126,2010/02/04 05:00:00
NL13,Heating Tertiary,2010,823,0.0002454930045342548,2010/02/04 06:00:00
NL13,Heating Tertiary,2010,824,0.00021491400396946077,2010/02/04 07:00:00
NL13,Heating Tertiary,2010,825,0.00018713300345634583,2010/02/04 08:00:00
NL13,Heating Tertiary,2010,826,0.00016539800305490044,2010/02/04 09:00:00
NL13,Heating Tertiary,2010,827,0.00015042700277838618,2010/02/04 10:00:00
NL13,Heating Tertiary,2010,828,0.00013918400257072796,2010/02/04 11:00:00
NL13,Heating Tertiary,2010,829,0.00013147400242832427,2010/02/04 12:00:00
NL13,Heating Tertiary,2010,830,0.0001278610023615922,2010/02/04 13:00:00
NL13,Heating Tertiary,2010,831,0.0001278540023614629,2010/02/04 14:00:00
NL13,Heating Tertiary,2010,832,0.00012926200238746866,2010/02/04 15:00:00
NL13,Heating Tertiary,2010,833,0.00012971700239587251,2010/02/04 16:00:00
NL13,Heating Tertiary,2010,834,0.0001303040024067144,2010/02/04 17:00:00
NL13,Heating Tertiary,2010,835,0.0001330430024573037,2010/02/04 18:00:00
NL13,Heating Tertiary,2010,836,0.00014154200261428022,2010/02/04 19:00:00
NL13,Heating Tertiary,2010,837,0.00015866400293052348,2010/02/04 20:00:00
NL13,Heating Tertiary,2010,838,0.00018439300340573802,2010/02/04 21:00:00
NL13,Heating Tertiary,2010,839,0.00021511500397317326,2010/02/04 22:00:00
NL13,Heating Tertiary,2010,840,0.00024455100451685604,2010/02/04 23:00:00
NL13,Heating Tertiary,2010,841,0.00022914300423227036,2010/02/05 00:00:00
NL13,Heating Tertiary,2010,842,0.00024112600445359633,2010/02/05 01:00:00
NL13,Heating Tertiary,2010,843,0.0002473060045677409,2010/02/05 02:00:00
NL13,Heating Tertiary,2010,844,0.0002499920046173513,2010/02/05 03:00:00
NL13,Heating Tertiary,2010,845,0.0002462830045488461,2010/02/05 04:00:00
NL13,Heating Tertiary,2010,846,0.00023258900429591798,2010/02/05 05:00:00
NL13,Heating Tertiary,2010,847,0.0002102770038838154,2010/02/05 06:00:00
NL13,Heating Tertiary,2010,848,0.00018408500340004927,2010/02/05 07:00:00
NL13,Heating Tertiary,2010,849,0.0001602890029605372,2010/02/05 08:00:00
NL13,Heating Tertiary,2010,850,0.00014167100261666283,2010/02/05 09:00:00
NL13,Heating Tertiary,2010,851,0.00012884900237984055,2010/02/05 10:00:00
NL13,Heating Tertiary,2010,852,0.00011921800220195602,2010/02/05 11:00:00
NL13,Heating Tertiary,2010,853,0.00011261400207998017,2010/02/05 12:00:00
NL13,Heating Tertiary,2010,854,0.00010952000202283399,2010/02/05 13:00:00
NL13,Heating Tertiary,2010,855,0.00010951400202272317,2010/02/05 14:00:00
NL13,Heating Tertiary,2010,856,0.00011072000204499798,2010/02/05 15:00:00
NL13,Heating Tertiary,2010,857,0.00011110900205218281,2010/02/05 16:00:00
NL13,Heating Tertiary,2010,858,0.00011161200206147321,2010/02/05 17:00:00
NL13,Heating Tertiary,2010,859,0.00011395700210478536,2010/02/05 18:00:00
NL13,Heating Tertiary,2010,860,0.00012123800223926541,2010/02/05 19:00:00
NL13,Heating Tertiary,2010,861,0.00013590400251014637,2010/02/05 20:00:00
NL13,Heating Tertiary,2010,862,0.00015794200291718817,2010/02/05 21:00:00
NL13,Heating Tertiary,2010,863,0.00018425700340322611,2010/02/05 22:00:00
NL13,Heating Tertiary,2010,864,0.0002094710038689286,2010/02/05 23:00:00
NL13,Heating Tertiary,2010,865,0.00026134200482698573,2010/02/06 00:00:00
NL13,Heating Tertiary,2010,866,0.0002741700050639189,2010/02/06 01:00:00
NL13,Heating Tertiary,2010,867,0.00028181600520514046,2010/02/06 02:00:00
NL13,Heating Tertiary,2010,868,0.0002863070052880892,2010/02/06 03:00:00
NL13,Heating Tertiary,2010,869,0.00028326300523186655,2010/02/06 04:00:00
NL13,Heating Tertiary,2010,870,0.00026895800496765326,2010/02/06 05:00:00
NL13,Heating Tertiary,2010,871,0.00024480600452156593,2010/02/06 06:00:00
NL13,Heating Tertiary,2010,872,0.00021576700398521568,2010/02/06 07:00:00
NL13,Heating Tertiary,2010,873,0.00018739000346109258,2010/02/06 08:00:00
NL13,Heating Tertiary,2010,874,0.00016439200303631962,2010/02/06 09:00:00
NL13,Heating Tertiary,2010,875,0.0001479730027330607,2010/02/06 10:00:00
NL13,Heating Tertiary,2010,876,0.00013596200251121766,2010/02/06 11:00:00
NL13,Heating Tertiary,2010,877,0.00012728800235100888,2010/02/06 12:00:00
NL13,Heating Tertiary,2010,878,0.0001232080022756513,2010/02/06 13:00:00
NL13,Heating Tertiary,2010,879,0.00012348700228080443,2010/02/06 14:00:00
NL13,Heating Tertiary,2010,880,0.0001252450023132747,2010/02/06 15:00:00
NL13,Heating Tertiary,2010,881,0.00012587200232485536,2010/02/06 16:00:00
NL13,Heating Tertiary,2010,882,0.0001257040023217524,2010/02/06 17:00:00
NL13,Heating Tertiary,2010,883,0.00012690800234399028,2010/02/06 18:00:00
NL13,Heating Tertiary,2010,884,0.00013351500246602154,2010/02/06 19:00:00
NL13,Heating Tertiary,2010,885,0.0001499880027702778,2010/02/06 20:00:00
NL13,Heating Tertiary,2010,886,0.00017630000325626036,2010/02/06 21:00:00
NL13,Heating Tertiary,2010,887,0.00020895200385934266,2010/02/06 22:00:00
NL13,Heating Tertiary,2010,888,0.00023893400441311012,2010/02/06 23:00:00
NL13,Heating Tertiary,2010,889,0.00028604200528319475,2010/02/07 00:00:00
NL13,Heating Tertiary,2010,890,0.0003041320056173169,2010/02/07 01:00:00
NL13,Heating Tertiary,2010,891,0.00031227600576773655,2010/02/07 02:00:00
NL13,Heating Tertiary,2010,892,0.0003155910058289646,2010/02/07 03:00:00
NL13,Heating Tertiary,2010,893,0.0003109090057424881,2010/02/07 04:00:00
NL13,Heating Tertiary,2010,894,0.000295234005452971,2010/02/07 05:00:00
NL13,Heating Tertiary,2010,895,0.0002694260049762972,2010/02/07 06:00:00
NL13,Heating Tertiary,2010,896,0.00023823300440016263,2010/02/07 07:00:00
NL13,Heating Tertiary,2010,897,0.0002084410038499045,2010/02/07 08:00:00
NL13,Heating Tertiary,2010,898,0.00018518000342027392,2010/02/07 09:00:00
NL13,Heating Tertiary,2010,899,0.0001692480031260099,2010/02/07 10:00:00
NL13,Heating Tertiary,2010,900,0.00015707600290119312,2010/02/07 11:00:00
NL13,Heating Tertiary,2010,901,0.00014743200272306854,2010/02/07 12:00:00
NL13,Heating Tertiary,2010,902,0.00014205300262371838,2010/02/07 13:00:00
NL13,Heating Tertiary,2010,903,0.0001395890025782083,2010/02/07 14:00:00
NL13,Heating Tertiary,2010,904,0.0001386060025600523,2010/02/07 15:00:00
NL13,Heating Tertiary,2010,905,0.0001367900025265108,2010/02/07 16:00:00
NL13,Heating Tertiary,2010,906,0.0001359900025117348,2010/02/07 17:00:00
NL13,Heating Tertiary,2010,907,0.00013796500254821304,2010/02/07 18:00:00
NL13,Heating Tertiary,2010,908,0.0001459150026950495,2010/02/07 19:00:00
NL13,Heating Tertiary,2010,909,0.00016313900301317673,2010/02/07 20:00:00
NL13,Heating Tertiary,2010,910,0.0001893630034975339,2010/02/07 21:00:00
NL13,Heating Tertiary,2010,911,0.00022261400411167977,2010/02/07 22:00:00
NL13,Heating Tertiary,2010,912,0.00025739600475410316,2010/02/07 23:00:00
NL13,Heating Tertiary,2010,913,0.000321643005940745,2010/02/08 00:00:00
NL13,Heating Tertiary,2010,914,0.0003384640062514288,2010/02/08 01:00:00
NL13,Heating Tertiary,2010,915,0.0003471380064116377,2010/02/08 02:00:00
NL13,Heating Tertiary,2010,916,0.0003509090064812879,2010/02/08 03:00:00
NL13,Heating Tertiary,2010,917,0.00034570200638511464,2010/02/08 04:00:00
NL13,Heating Tertiary,2010,918,0.0003264800060300844,2010/02/08 05:00:00
NL13,Heating Tertiary,2010,919,0.00029516100545162255,2010/02/08 06:00:00
NL13,Heating Tertiary,2010,920,0.00025839600477257316,2010/02/08 07:00:00
NL13,Heating Tertiary,2010,921,0.00022499500415565683,2010/02/08 08:00:00
NL13,Heating Tertiary,2010,922,0.0001988610036729619,2010/02/08 09:00:00
NL13,Heating Tertiary,2010,923,0.00018086200334052046,2010/02/08 10:00:00
NL13,Heating Tertiary,2010,924,0.00016734500309086153,2010/02/08 11:00:00
NL13,Heating Tertiary,2010,925,0.00015807500291964465,2010/02/08 12:00:00
NL13,Heating Tertiary,2010,926,0.00015373000283939252,2010/02/08 13:00:00
NL13,Heating Tertiary,2010,927,0.00015372200283924478,2010/02/08 14:00:00
NL13,Heating Tertiary,2010,928,0.00015541500287051446,2010/02/08 15:00:00
NL13,Heating Tertiary,2010,929,0.0001559610028805991,2010/02/08 16:00:00
NL13,Heating Tertiary,2010,930,0.0001566670028936389,2010/02/08 17:00:00
NL13,Heating Tertiary,2010,931,0.0001599600029544606,2010/02/08 18:00:00
NL13,Heating Tertiary,2010,932,0.00017017800314318701,2010/02/08 19:00:00
NL13,Heating Tertiary,2010,933,0.0001907660035234473,2010/02/08 20:00:00
NL13,Heating Tertiary,2010,934,0.00022170000409479817,2010/02/08 21:00:00
NL13,Heating Tertiary,2010,935,0.0002586370047770244,2010/02/08 22:00:00
NL13,Heating Tertiary,2010,936,0.000294030005430733,2010/02/08 23:00:00
NL13,Heating Tertiary,2010,937,0.0003850850071125185,2010/02/09 00:00:00
NL13,Heating Tertiary,2010,938,0.00040522300748446733,2010/02/09 01:00:00
NL13,Heating Tertiary,2010,939,0.0004156080076762782,2010/02/09 02:00:00
NL13,Heating Tertiary,2010,940,0.0004201220077596518,2010/02/09 03:00:00
NL13,Heating Tertiary,2010,941,0.0004138880076445098,2010/02/09 04:00:00
NL13,Heating Tertiary,2010,942,0.0003908750072194598,2010/02/09 05:00:00
NL13,Heating Tertiary,2010,943,0.00035338000652692725,2010/02/09 06:00:00
NL13,Heating Tertiary,2010,944,0.00030936300571393345,2010/02/09 07:00:00
NL13,Heating Tertiary,2010,945,0.0002693730049753183,2010/02/09 08:00:00
NL13,Heating Tertiary,2010,946,0.00023808500439742908,2010/02/09 09:00:00
NL13,Heating Tertiary,2010,947,0.00021653600399941912,2010/02/09 10:00:00
NL13,Heating Tertiary,2010,948,0.0002003520037005007,2010/02/09 11:00:00
NL13,Heating Tertiary,2010,949,0.00018925400349552066,2010/02/09 12:00:00
NL13,Heating Tertiary,2010,950,0.00018405200339943975,2010/02/09 13:00:00
NL13,Heating Tertiary,2010,951,0.00018404200339925506,2010/02/09 14:00:00
NL13,Heating Tertiary,2010,952,0.00018606800343667527,2010/02/09 15:00:00
NL13,Heating Tertiary,2010,953,0.00018672300344877314,2010/02/09 16:00:00
NL13,Heating Tertiary,2010,954,0.00018756800346438028,2010/02/09 17:00:00
NL13,Heating Tertiary,2010,955,0.00019151100353720745,2010/02/09 18:00:00
NL13,Heating Tertiary,2010,956,0.00020374400376315096,2010/02/09 19:00:00
NL13,Heating Tertiary,2010,957,0.00022839300421841787,2010/02/09 20:00:00
NL13,Heating Tertiary,2010,958,0.00026542800490245416,2010/02/09 21:00:00
NL13,Heating Tertiary,2010,959,0.0003096520057192713,2010/02/09 22:00:00
NL13,Heating Tertiary,2010,960,0.000352024006501882,2010/02/09 23:00:00
NL13,Heating Tertiary,2010,961,0.0003850850071125185,2010/02/10 00:00:00
NL13,Heating Tertiary,2010,962,0.00040522300748446733,2010/02/10 01:00:00
NL13,Heating Tertiary,2010,963,0.0004156080076762782,2010/02/10 02:00:00
NL13,Heating Tertiary,2010,964,0.0004201220077596518,2010/02/10 03:00:00
NL13,Heating Tertiary,2010,965,0.0004138880076445098,2010/02/10 04:00:00
NL13,Heating Tertiary,2010,966,0.0003908750072194598,2010/02/10 05:00:00
NL13,Heating Tertiary,2010,967,0.00035338000652692725,2010/02/10 06:00:00
NL13,Heating Tertiary,2010,968,0.00030936300571393345,2010/02/10 07:00:00
NL13,Heating Tertiary,2010,969,0.0002693730049753183,2010/02/10 08:00:00
NL13,Heating Tertiary,2010,970,0.00023808500439742908,2010/02/10 09:00:00
NL13,Heating Tertiary,2010,971,0.00021653600399941912,2010/02/10 10:00:00
NL13,Heating Tertiary,2010,972,0.0002003520037005007,2010/02/10 11:00:00
NL13,Heating Tertiary,2010,973,0.00018925400349552066,2010/02/10 12:00:00
NL13,Heating Tertiary,2010,974,0.00018405200339943975,2010/02/10 13:00:00
NL13,Heating Tertiary,2010,975,0.00018404200339925506,2010/02/10 14:00:00
NL13,Heating Tertiary,2010,976,0.00018606800343667527,2010/02/10 15:00:00
NL13,Heating Tertiary,2010,977,0.00018672300344877314,2010/02/10 16:00:00
NL13,Heating Tertiary,2010,978,0.00018756800346438028,2010/02/10 17:00:00
NL13,Heating Tertiary,2010,979,0.00019151100353720745,2010/02/10 18:00:00
NL13,Heating Tertiary,2010,980,0.00020374400376315096,2010/02/10 19:00:00
NL13,Heating Tertiary,2010,981,0.00022839300421841787,2010/02/10 20:00:00
NL13,Heating Tertiary,2010,982,0.00026542800490245416,2010/02/10 21:00:00
NL13,Heating Tertiary,2010,983,0.0003096520057192713,2010/02/10 22:00:00
NL13,Heating Tertiary,2010,984,0.000352024006501882,2010/02/10 23:00:00
NL13,Heating Tertiary,2010,985,0.0003422730063217811,2010/02/11 00:00:00
NL13,Heating Tertiary,2010,986,0.0003601720066523755,2010/02/11 01:00:00
NL13,Heating Tertiary,2010,987,0.00036940300682287205,2010/02/11 02:00:00
NL13,Heating Tertiary,2010,988,0.0003734150068969737,2010/02/11 03:00:00
NL13,Heating Tertiary,2010,989,0.0003678750067946499,2010/02/11 04:00:00
NL13,Heating Tertiary,2010,990,0.0003474190064168278,2010/02/11 05:00:00
NL13,Heating Tertiary,2010,991,0.00031409300580129655,2010/02/11 06:00:00
NL13,Heating Tertiary,2010,992,0.0002749690050786764,2010/02/11 07:00:00
NL13,Heating Tertiary,2010,993,0.0002394260044221973,2010/02/11 08:00:00
NL13,Heating Tertiary,2010,994,0.00021161600390854675,2010/02/11 09:00:00
NL13,Heating Tertiary,2010,995,0.0001924620035547724,2010/02/11 10:00:00
NL13,Heating Tertiary,2010,996,0.0001780780032891,2010/02/11 11:00:00
NL13,Heating Tertiary,2010,997,0.00016821300310689347,2010/02/11 12:00:00
NL13,Heating Tertiary,2010,998,0.0001635900030215067,2010/02/11 13:00:00
NL13,Heating Tertiary,2010,999,0.0001635810030213405,2010/02/11 14:00:00
NL13,Heating Tertiary,2010,1000,0.00016538200305460493,2010/02/11 15:00:00
NL13,Heating Tertiary,2010,1001,0.0001659640030653545,2010/02/11 16:00:00
NL13,Heating Tertiary,2010,1002,0.00016671600307924386,2010/02/11 17:00:00
NL13,Heating Tertiary,2010,1003,0.00017021900314394435,2010/02/11 18:00:00
NL13,Heating Tertiary,2010,1004,0.00018109300334478702,2010/02/11 19:00:00
NL13,Heating Tertiary,2010,1005,0.0002030010037494277,2010/02/11 20:00:00
NL13,Heating Tertiary,2010,1006,0.00023591900435742308,2010/02/11 21:00:00
NL13,Heating Tertiary,2010,1007,0.0002752260050834232,2010/02/11 22:00:00
NL13,Heating Tertiary,2010,1008,0.00031288800577904016,2010/02/11 23:00:00
NL13,Heating Tertiary,2010,1009,0.0003422730063217811,2010/02/12 00:00:00
NL13,Heating Tertiary,2010,1010,0.0003601720066523755,2010/02/12 01:00:00
NL13,Heating Tertiary,2010,1011,0.00036940300682287205,2010/02/12 02:00:00
NL13,Heating Tertiary,2010,1012,0.0003734150068969737,2010/02/12 03:00:00
NL13,Heating Tertiary,2010,1013,0.0003678750067946499,2010/02/12 04:00:00
NL13,Heating Tertiary,2010,1014,0.0003474190064168278,2010/02/12 05:00:00
NL13,Heating Tertiary,2010,1015,0.00031409300580129655,2010/02/12 06:00:00
NL13,Heating Tertiary,2010,1016,0.0002749690050786764,2010/02/12 07:00:00
NL13,Heating Tertiary,2010,1017,0.0002394260044221973,2010/02/12 08:00:00
NL13,Heating Tertiary,2010,1018,0.00021161600390854675,2010/02/12 09:00:00
NL13,Heating Tertiary,2010,1019,0.0001924620035547724,2010/02/12 10:00:00
NL13,Heating Tertiary,2010,1020,0.0001780780032891,2010/02/12 11:00:00
NL13,Heating Tertiary,2010,1021,0.00016821300310689347,2010/02/12 12:00:00
NL13,Heating Tertiary,2010,1022,0.0001635900030215067,2010/02/12 13:00:00
NL13,Heating Tertiary,2010,1023,0.0001635810030213405,2010/02/12 14:00:00
NL13,Heating Tertiary,2010,1024,0.00016538200305460493,2010/02/12 15:00:00
NL13,Heating Tertiary,2010,1025,0.0001659640030653545,2010/02/12 16:00:00
NL13,Heating Tertiary,2010,1026,0.00016671600307924386,2010/02/12 17:00:00
NL13,Heating Tertiary,2010,1027,0.00017021900314394435,2010/02/12 18:00:00
NL13,Heating Tertiary,2010,1028,0.00018109300334478702,2010/02/12 19:00:00
NL13,Heating Tertiary,2010,1029,0.0002030010037494277,2010/02/12 20:00:00
NL13,Heating Tertiary,2010,1030,0.00023591900435742308,2010/02/12 21:00:00
NL13,Heating Tertiary,2010,1031,0.0002752260050834232,2010/02/12 22:00:00
NL13,Heating Tertiary,2010,1032,0.00031288800577904016,2010/02/12 23:00:00
NL13,Heating Tertiary,2010,1033,0.00036052700665893233,2010/02/13 00:00:00
NL13,Heating Tertiary,2010,1034,0.00037822500698581437,2010/02/13 01:00:00
NL13,Heating Tertiary,2010,1035,0.0003887720071806174,2010/02/13 02:00:00
NL13,Heating Tertiary,2010,1036,0.000394967007295039,2010/02/13 03:00:00
NL13,Heating Tertiary,2010,1037,0.00039077000721752045,2010/02/13 04:00:00
NL13,Heating Tertiary,2010,1038,0.0003710350068530151,2010/02/13 05:00:00
NL13,Heating Tertiary,2010,1039,0.0003377150062375948,2010/02/13 06:00:00
NL13,Heating Tertiary,2010,1040,0.00029765700549772364,2010/02/13 07:00:00
NL13,Heating Tertiary,2010,1041,0.0002585090047746603,2010/02/13 08:00:00
NL13,Heating Tertiary,2010,1042,0.00022678300418868115,2010/02/13 09:00:00
NL13,Heating Tertiary,2010,1043,0.0002041340037703542,2010/02/13 10:00:00
NL13,Heating Tertiary,2010,1044,0.00018756400346430638,2010/02/13 11:00:00
NL13,Heating Tertiary,2010,1045,0.00017559700324327595,2010/02/13 12:00:00
NL13,Heating Tertiary,2010,1046,0.0001699680031393083,2010/02/13 13:00:00
NL13,Heating Tertiary,2010,1047,0.00017035300314641923,2010/02/13 14:00:00
NL13,Heating Tertiary,2010,1048,0.00017277900319122752,2010/02/13 15:00:00
NL13,Heating Tertiary,2010,1049,0.00017364400320720404,2010/02/13 16:00:00
NL13,Heating Tertiary,2010,1050,0.0001734110032029005,2010/02/13 17:00:00
NL13,Heating Tertiary,2010,1051,0.00017507300323359762,2010/02/13 18:00:00
NL13,Heating Tertiary,2010,1052,0.0001841870034019332,2010/02/13 19:00:00
NL13,Heating Tertiary,2010,1053,0.00020691300382168234,2010/02/13 20:00:00
NL13,Heating Tertiary,2010,1054,0.0002432100044920878,2010/02/13 21:00:00
NL13,Heating Tertiary,2010,1055,0.00028825400532405033,2010/02/13 22:00:00
NL13,Heating Tertiary,2010,1056,0.00032961600608800626,2010/02/13 23:00:00
NL13,Heating Tertiary,2010,1057,0.0003439150063521088,2010/02/14 00:00:00
NL13,Heating Tertiary,2010,1058,0.0003656650067538312,2010/02/14 01:00:00
NL13,Heating Tertiary,2010,1059,0.00037545700693468936,2010/02/14 02:00:00
NL13,Heating Tertiary,2010,1060,0.00037944200700829235,2010/02/14 03:00:00
NL13,Heating Tertiary,2010,1061,0.00037381200690430623,2010/02/14 04:00:00
NL13,Heating Tertiary,2010,1062,0.00035496700655623914,2010/02/14 05:00:00
NL13,Heating Tertiary,2010,1063,0.0003239370059831152,2010/02/14 06:00:00
NL13,Heating Tertiary,2010,1064,0.00028643300529041643,2010/02/14 07:00:00
NL13,Heating Tertiary,2010,1065,0.00025061300462882115,2010/02/14 08:00:00
NL13,Heating Tertiary,2010,1066,0.00022264500411225233,2010/02/14 09:00:00
NL13,Heating Tertiary,2010,1067,0.00020349000375845955,2010/02/14 10:00:00
NL13,Heating Tertiary,2010,1068,0.00018885500348815113,2010/02/14 11:00:00
NL13,Heating Tertiary,2010,1069,0.00017726000327399153,2010/02/14 12:00:00
NL13,Heating Tertiary,2010,1070,0.00017079300315454607,2010/02/14 13:00:00
NL13,Heating Tertiary,2010,1071,0.00016783100309983795,2010/02/14 14:00:00
NL13,Heating Tertiary,2010,1072,0.0001666490030780064,2010/02/14 15:00:00
NL13,Heating Tertiary,2010,1073,0.00016446600303768636,2010/02/14 16:00:00
NL13,Heating Tertiary,2010,1074,0.0001635030030198998,2010/02/14 17:00:00
NL13,Heating Tertiary,2010,1075,0.00016587800306376604,2010/02/14 18:00:00
NL13,Heating Tertiary,2010,1076,0.00017543700324032074,2010/02/14 19:00:00
NL13,Heating Tertiary,2010,1077,0.00019614500362279743,2010/02/14 20:00:00
NL13,Heating Tertiary,2010,1078,0.00022767500420515642,2010/02/14 21:00:00
NL13,Heating Tertiary,2010,1079,0.0002676540049435684,2010/02/14 22:00:00
NL13,Heating Tertiary,2010,1080,0.0003094730057159652,2010/02/14 23:00:00
NL13,Heating Tertiary,2010,1081,0.0003422730063217811,2010/02/15 00:00:00
NL13,Heating Tertiary,2010,1082,0.0003601720066523755,2010/02/15 01:00:00
NL13,Heating Tertiary,2010,1083,0.00036940300682287205,2010/02/15 02:00:00
NL13,Heating Tertiary,2010,1084,0.0003734150068969737,2010/02/15 03:00:00
NL13,Heating Tertiary,2010,1085,0.0003678750067946499,2010/02/15 04:00:00
NL13,Heating Tertiary,2010,1086,0.0003474190064168278,2010/02/15 05:00:00
NL13,Heating Tertiary,2010,1087,0.00031409300580129655,2010/02/15 06:00:00
NL13,Heating Tertiary,2010,1088,0.0002749690050786764,2010/02/15 07:00:00
NL13,Heating Tertiary,2010,1089,0.0002394260044221973,2010/02/15 08:00:00
NL13,Heating Tertiary,2010,1090,0.00021161600390854675,2010/02/15 09:00:00
NL13,Heating Tertiary,2010,1091,0.0001924620035547724,2010/02/15 10:00:00
NL13,Heating Tertiary,2010,1092,0.0001780780032891,2010/02/15 11:00:00
NL13,Heating Tertiary,2010,1093,0.00016821300310689347,2010/02/15 12:00:00
NL13,Heating Tertiary,2010,1094,0.0001635900030215067,2010/02/15 13:00:00
NL13,Heating Tertiary,2010,1095,0.0001635810030213405,2010/02/15 14:00:00
NL13,Heating Tertiary,2010,1096,0.00016538200305460493,2010/02/15 15:00:00
NL13,Heating Tertiary,2010,1097,0.0001659640030653545,2010/02/15 16:00:00
NL13,Heating Tertiary,2010,1098,0.00016671600307924386,2010/02/15 17:00:00
NL13,Heating Tertiary,2010,1099,0.00017021900314394435,2010/02/15 18:00:00
NL13,Heating Tertiary,2010,1100,0.00018109300334478702,2010/02/15 19:00:00
NL13,Heating Tertiary,2010,1101,0.0002030010037494277,2010/02/15 20:00:00
NL13,Heating Tertiary,2010,1102,0.00023591900435742308,2010/02/15 21:00:00
NL13,Heating Tertiary,2010,1103,0.0002752260050834232,2010/02/15 22:00:00
NL13,Heating Tertiary,2010,1104,0.00031288800577904016,2010/02/15 23:00:00
NL13,Heating Tertiary,2010,1105,0.0004071560075201698,2010/02/16 00:00:00
NL13,Heating Tertiary,2010,1106,0.00042844900791345143,2010/02/16 01:00:00
NL13,Heating Tertiary,2010,1107,0.0004394280081162336,2010/02/16 02:00:00
NL13,Heating Tertiary,2010,1108,0.0004442020082044093,2010/02/16 03:00:00
NL13,Heating Tertiary,2010,1109,0.00043761100808267355,2010/02/16 04:00:00
NL13,Heating Tertiary,2010,1110,0.00041327800763324315,2010/02/16 05:00:00
NL13,Heating Tertiary,2010,1111,0.0003736340069010186,2010/02/16 06:00:00
NL13,Heating Tertiary,2010,1112,0.00032709400604142495,2010/02/16 07:00:00
NL13,Heating Tertiary,2010,1113,0.0002848120052604766,2010/02/16 08:00:00
NL13,Heating Tertiary,2010,1114,0.00025173100464947063,2010/02/16 09:00:00
NL13,Heating Tertiary,2010,1115,0.00022894600422863177,2010/02/16 10:00:00
NL13,Heating Tertiary,2010,1116,0.00021183500391259167,2010/02/16 11:00:00
NL13,Heating Tertiary,2010,1117,0.00020010100369586471,2010/02/16 12:00:00
NL13,Heating Tertiary,2010,1118,0.00019460100359427974,2010/02/16 13:00:00
NL13,Heating Tertiary,2010,1119,0.00019459100359409505,2010/02/16 14:00:00
NL13,Heating Tertiary,2010,1120,0.0001967330036336578,2010/02/16 15:00:00
NL13,Heating Tertiary,2010,1121,0.00019742500364643901,2010/02/16 16:00:00
NL13,Heating Tertiary,2010,1122,0.00019831900366295118,2010/02/16 17:00:00
NL13,Heating Tertiary,2010,1123,0.00020248700373993412,2010/02/16 18:00:00
NL13,Heating Tertiary,2010,1124,0.00021542200397884354,2010/02/16 19:00:00
NL13,Heating Tertiary,2010,1125,0.0002414830044601901,2010/02/16 20:00:00
NL13,Heating Tertiary,2010,1126,0.00028064100518343824,2010/02/16 21:00:00
NL13,Heating Tertiary,2010,1127,0.00032739900604705834,2010/02/16 22:00:00
NL13,Heating Tertiary,2010,1128,0.0003722010068745511,2010/02/16 23:00:00
NL13,Heating Tertiary,2010,1129,0.000321643005940745,2010/02/17 00:00:00
NL13,Heating Tertiary,2010,1130,0.0003384640062514288,2010/02/17 01:00:00
NL13,Heating Tertiary,2010,1131,0.0003471380064116377,2010/02/17 02:00:00
NL13,Heating Tertiary,2010,1132,0.0003509090064812879,2010/02/17 03:00:00
NL13,Heating Tertiary,2010,1133,0.00034570200638511464,2010/02/17 04:00:00
NL13,Heating Tertiary,2010,1134,0.0003264800060300844,2010/02/17 05:00:00
NL13,Heating Tertiary,2010,1135,0.00029516100545162255,2010/02/17 06:00:00
NL13,Heating Tertiary,2010,1136,0.00025839600477257316,2010/02/17 07:00:00
NL13,Heating Tertiary,2010,1137,0.00022499500415565683,2010/02/17 08:00:00
NL13,Heating Tertiary,2010,1138,0.0001988610036729619,2010/02/17 09:00:00
NL13,Heating Tertiary,2010,1139,0.00018086200334052046,2010/02/17 10:00:00
NL13,Heating Tertiary,2010,1140,0.00016734500309086153,2010/02/17 11:00:00
NL13,Heating Tertiary,2010,1141,0.00015807500291964465,2010/02/17 12:00:00
NL13,Heating Tertiary,2010,1142,0.00015373000283939252,2010/02/17 13:00:00
NL13,Heating Tertiary,2010,1143,0.00015372200283924478,2010/02/17 14:00:00
NL13,Heating Tertiary,2010,1144,0.00015541500287051446,2010/02/17 15:00:00
NL13,Heating Tertiary,2010,1145,0.0001559610028805991,2010/02/17 16:00:00
NL13,Heating Tertiary,2010,1146,0.0001566670028936389,2010/02/17 17:00:00
NL13,Heating Tertiary,2010,1147,0.0001599600029544606,2010/02/17 18:00:00
NL13,Heating Tertiary,2010,1148,0.00017017800314318701,2010/02/17 19:00:00
NL13,Heating Tertiary,2010,1149,0.0001907660035234473,2010/02/17 20:00:00
NL13,Heating Tertiary,2010,1150,0.00022170000409479817,2010/02/17 21:00:00
NL13,Heating Tertiary,2010,1151,0.0002586370047770244,2010/02/17 22:00:00
NL13,Heating Tertiary,2010,1152,0.000294030005430733,2010/02/17 23:00:00
NL13,Heating Tertiary,2010,1153,0.0003422730063217811,2010/02/18 00:00:00
NL13,Heating Tertiary,2010,1154,0.0003601720066523755,2010/02/18 01:00:00
NL13,Heating Tertiary,2010,1155,0.00036940300682287205,2010/02/18 02:00:00
NL13,Heating Tertiary,2010,1156,0.0003734150068969737,2010/02/18 03:00:00
NL13,Heating Tertiary,2010,1157,0.0003678750067946499,2010/02/18 04:00:00
NL13,Heating Tertiary,2010,1158,0.0003474190064168278,2010/02/18 05:00:00
NL13,Heating Tertiary,2010,1159,0.00031409300580129655,2010/02/18 06:00:00
NL13,Heating Tertiary,2010,1160,0.0002749690050786764,2010/02/18 07:00:00
NL13,Heating Tertiary,2010,1161,0.0002394260044221973,2010/02/18 08:00:00
NL13,Heating Tertiary,2010,1162,0.00021161600390854675,2010/02/18 09:00:00
NL13,Heating Tertiary,2010,1163,0.0001924620035547724,2010/02/18 10:00:00
NL13,Heating Tertiary,2010,1164,0.0001780780032891,2010/02/18 11:00:00
NL13,Heating Tertiary,2010,1165,0.00016821300310689347,2010/02/18 12:00:00
NL13,Heating Tertiary,2010,1166,0.0001635900030215067,2010/02/18 13:00:00
NL13,Heating Tertiary,2010,1167,0.0001635810030213405,2010/02/18 14:00:00
NL13,Heating Tertiary,2010,1168,0.00016538200305460493,2010/02/18 15:00:00
NL13,Heating Tertiary,2010,1169,0.0001659640030653545,2010/02/18 16:00:00
NL13,Heating Tertiary,2010,1170,0.00016671600307924386,2010/02/18 17:00:00
NL13,Heating Tertiary,2010,1171,0.00017021900314394435,2010/02/18 18:00:00
NL13,Heating Tertiary,2010,1172,0.00018109300334478702,2010/02/18 19:00:00
NL13,Heating Tertiary,2010,1173,0.0002030010037494277,2010/02/18 20:00:00
NL13,Heating Tertiary,2010,1174,0.00023591900435742308,2010/02/18 21:00:00
NL13,Heating Tertiary,2010,1175,0.0002752260050834232,2010/02/18 22:00:00
NL13,Heating Tertiary,2010,1176,0.00031288800577904016,2010/02/18 23:00:00
NL13,Heating Tertiary,2010,1177,0.0002675190049410749,2010/02/19 00:00:00
NL13,Heating Tertiary,2010,1178,0.0002815090051994702,2010/02/19 01:00:00
NL13,Heating Tertiary,2010,1179,0.00028872300533271274,2010/02/19 02:00:00
NL13,Heating Tertiary,2010,1180,0.0002918590053906347,2010/02/19 03:00:00
NL13,Heating Tertiary,2010,1181,0.0002875280053106411,2010/02/19 04:00:00
NL13,Heating Tertiary,2010,1182,0.00027154100501536126,2010/02/19 05:00:00
NL13,Heating Tertiary,2010,1183,0.0002454930045342548,2010/02/19 06:00:00
NL13,Heating Tertiary,2010,1184,0.00021491400396946077,2010/02/19 07:00:00
NL13,Heating Tertiary,2010,1185,0.00018713300345634583,2010/02/19 08:00:00
NL13,Heating Tertiary,2010,1186,0.00016539800305490044,2010/02/19 09:00:00
NL13,Heating Tertiary,2010,1187,0.00015042700277838618,2010/02/19 10:00:00
NL13,Heating Tertiary,2010,1188,0.00013918400257072796,2010/02/19 11:00:00
NL13,Heating Tertiary,2010,1189,0.00013147400242832427,2010/02/19 12:00:00
NL13,Heating Tertiary,2010,1190,0.0001278610023615922,2010/02/19 13:00:00
NL13,Heating Tertiary,2010,1191,0.0001278540023614629,2010/02/19 14:00:00
NL13,Heating Tertiary,2010,1192,0.00012926200238746866,2010/02/19 15:00:00
NL13,Heating Tertiary,2010,1193,0.00012971700239587251,2010/02/19 16:00:00
NL13,Heating Tertiary,2010,1194,0.0001303040024067144,2010/02/19 17:00:00
NL13,Heating Tertiary,2010,1195,0.0001330430024573037,2010/02/19 18:00:00
NL13,Heating Tertiary,2010,1196,0.00014154200261428022,2010/02/19 19:00:00
NL13,Heating Tertiary,2010,1197,0.00015866400293052348,2010/02/19 20:00:00
NL13,Heating Tertiary,2010,1198,0.00018439300340573802,2010/02/19 21:00:00
NL13,Heating Tertiary,2010,1199,0.00021511500397317326,2010/02/19 22:00:00
NL13,Heating Tertiary,2010,1200,0.00024455100451685604,2010/02/19 23:00:00
NL13,Heating Tertiary,2010,1201,0.00024136400445799218,2010/02/20 00:00:00
NL13,Heating Tertiary,2010,1202,0.0002532120046768247,2010/02/20 01:00:00
NL13,Heating Tertiary,2010,1203,0.0002602740048072598,2010/02/20 02:00:00
NL13,Heating Tertiary,2010,1204,0.00026442100488385486,2010/02/20 03:00:00
NL13,Heating Tertiary,2010,1205,0.00026161000483193575,2010/02/20 04:00:00
NL13,Heating Tertiary,2010,1206,0.0002483990045879286,2010/02/20 05:00:00
NL13,Heating Tertiary,2010,1207,0.0002260920041759184,2010/02/20 06:00:00
NL13,Heating Tertiary,2010,1208,0.00019927400368059003,2010/02/20 07:00:00
NL13,Heating Tertiary,2010,1209,0.0001730650031965099,2010/02/20 08:00:00
NL13,Heating Tertiary,2010,1210,0.00015182500280420716,2010/02/20 09:00:00
NL13,Heating Tertiary,2010,1211,0.00013666200252414665,2010/02/20 10:00:00
NL13,Heating Tertiary,2010,1212,0.00012556900231925898,2010/02/20 11:00:00
NL13,Heating Tertiary,2010,1213,0.00011755700217127736,2010/02/20 12:00:00
NL13,Heating Tertiary,2010,1214,0.00011379000210170089,2010/02/20 13:00:00
NL13,Heating Tertiary,2010,1215,0.00011404700210644767,2010/02/20 14:00:00
NL13,Heating Tertiary,2010,1216,0.00011567100213644294,2010/02/20 15:00:00
NL13,Heating Tertiary,2010,1217,0.00011625000214713706,2010/02/20 16:00:00
NL13,Heating Tertiary,2010,1218,0.00011609400214425574,2010/02/20 17:00:00
NL13,Heating Tertiary,2010,1219,0.00011720700216481285,2010/02/20 18:00:00
NL13,Heating Tertiary,2010,1220,0.00012330800227749832,2010/02/20 19:00:00
NL13,Heating Tertiary,2010,1221,0.0001385230025585193,2010/02/20 20:00:00
NL13,Heating Tertiary,2010,1222,0.00016282300300734015,2010/02/20 21:00:00
NL13,Heating Tertiary,2010,1223,0.00019297900356432141,2010/02/20 22:00:00
NL13,Heating Tertiary,2010,1224,0.00022067000407577407,2010/02/20 23:00:00
NL13,Heating Tertiary,2010,1225,0.00028604200528319475,2010/02/21 00:00:00
NL13,Heating Tertiary,2010,1226,0.0003041320056173169,2010/02/21 01:00:00
NL13,Heating Tertiary,2010,1227,0.00031227600576773655,2010/02/21 02:00:00
NL13,Heating Tertiary,2010,1228,0.0003155910058289646,2010/02/21 03:00:00
NL13,Heating Tertiary,2010,1229,0.0003109090057424881,2010/02/21 04:00:00
NL13,Heating Tertiary,2010,1230,0.000295234005452971,2010/02/21 05:00:00
NL13,Heating Tertiary,2010,1231,0.0002694260049762972,2010/02/21 06:00:00
NL13,Heating Tertiary,2010,1232,0.00023823300440016263,2010/02/21 07:00:00
NL13,Heating Tertiary,2010,1233,0.0002084410038499045,2010/02/21 08:00:00
NL13,Heating Tertiary,2010,1234,0.00018518000342027392,2010/02/21 09:00:00
NL13,Heating Tertiary,2010,1235,0.0001692480031260099,2010/02/21 10:00:00
NL13,Heating Tertiary,2010,1236,0.00015707600290119312,2010/02/21 11:00:00
NL13,Heating Tertiary,2010,1237,0.00014743200272306854,2010/02/21 12:00:00
NL13,Heating Tertiary,2010,1238,0.00014205300262371838,2010/02/21 13:00:00
NL13,Heating Tertiary,2010,1239,0.0001395890025782083,2010/02/21 14:00:00
NL13,Heating Tertiary,2010,1240,0.0001386060025600523,2010/02/21 15:00:00
NL13,Heating Tertiary,2010,1241,0.0001367900025265108,2010/02/21 16:00:00
NL13,Heating Tertiary,2010,1242,0.0001359900025117348,2010/02/21 17:00:00
NL13,Heating Tertiary,2010,1243,0.00013796500254821304,2010/02/21 18:00:00
NL13,Heating Tertiary,2010,1244,0.0001459150026950495,2010/02/21 19:00:00
NL13,Heating Tertiary,2010,1245,0.00016313900301317673,2010/02/21 20:00:00
NL13,Heating Tertiary,2010,1246,0.0001893630034975339,2010/02/21 21:00:00
NL13,Heating Tertiary,2010,1247,0.00022261400411167977,2010/02/21 22:00:00
NL13,Heating Tertiary,2010,1248,0.00025739600475410316,2010/02/21 23:00:00
NL13,Heating Tertiary,2010,1249,0.00028570800527702575,2010/02/22 00:00:00
NL13,Heating Tertiary,2010,1250,0.0003006490055529859,2010/02/22 01:00:00
NL13,Heating Tertiary,2010,1251,0.0003083540056952973,2010/02/22 02:00:00
NL13,Heating Tertiary,2010,1252,0.00031170400575717175,2010/02/22 03:00:00
NL13,Heating Tertiary,2010,1253,0.0003070780056717295,2010/02/22 04:00:00
NL13,Heating Tertiary,2010,1254,0.0002900040053563728,2010/02/22 05:00:00
NL13,Heating Tertiary,2010,1255,0.000262185004842556,2010/02/22 06:00:00
NL13,Heating Tertiary,2010,1256,0.00022952700423936283,2010/02/22 07:00:00
NL13,Heating Tertiary,2010,1257,0.00019985700369135805,2010/02/22 08:00:00
NL13,Heating Tertiary,2010,1258,0.00017664400326261403,2010/02/22 09:00:00
NL13,Heating Tertiary,2010,1259,0.00016065600296731573,2010/02/22 10:00:00
NL13,Heating Tertiary,2010,1260,0.000148648002745528,2010/02/22 11:00:00
NL13,Heating Tertiary,2010,1261,0.00014041400259344605,2010/02/22 12:00:00
NL13,Heating Tertiary,2010,1262,0.00013655500252217033,2010/02/22 13:00:00
NL13,Heating Tertiary,2010,1263,0.00013654700252202257,2010/02/22 14:00:00
NL13,Heating Tertiary,2010,1264,0.00013805100254980147,2010/02/22 15:00:00
NL13,Heating Tertiary,2010,1265,0.00013853600255875941,2010/02/22 16:00:00
NL13,Heating Tertiary,2010,1266,0.00013916400257035856,2010/02/22 17:00:00
NL13,Heating Tertiary,2010,1267,0.0001420890026243833,2010/02/22 18:00:00
NL13,Heating Tertiary,2010,1268,0.00015116600279203545,2010/02/22 19:00:00
NL13,Heating Tertiary,2010,1269,0.00016945300312979627,2010/02/22 20:00:00
NL13,Heating Tertiary,2010,1270,0.00019693000363729638,2010/02/22 21:00:00
NL13,Heating Tertiary,2010,1271,0.00022974100424331544,2010/02/22 22:00:00
NL13,Heating Tertiary,2010,1272,0.00026118000482399365,2010/02/22 23:00:00
NL13,Heating Tertiary,2010,1273,0.0002481090045825723,2010/02/23 00:00:00
NL13,Heating Tertiary,2010,1274,0.0002610840048222205,2010/02/23 01:00:00
NL13,Heating Tertiary,2010,1275,0.00026777500494580325,2010/02/23 02:00:00
NL13,Heating Tertiary,2010,1276,0.000270683004999514,2010/02/23 03:00:00
NL13,Heating Tertiary,2010,1277,0.0002666670049253385,2010/02/23 04:00:00
NL13,Heating Tertiary,2010,1278,0.00025184000465148387,2010/02/23 05:00:00
NL13,Heating Tertiary,2010,1279,0.0002276820042052857,2010/02/23 06:00:00
NL13,Heating Tertiary,2010,1280,0.00019932100368145813,2010/02/23 07:00:00
NL13,Heating Tertiary,2010,1281,0.00017355600320557863,2010/02/23 08:00:00
NL13,Heating Tertiary,2010,1282,0.00015339700283324207,2010/02/23 09:00:00
NL13,Heating Tertiary,2010,1283,0.00013951400257682307,2010/02/23 10:00:00
NL13,Heating Tertiary,2010,1284,0.00012908600238421795,2010/02/23 11:00:00
NL13,Heating Tertiary,2010,1285,0.000121935002252139,2010/02/23 12:00:00
NL13,Heating Tertiary,2010,1286,0.00011858400219024605,2010/02/23 13:00:00
NL13,Heating Tertiary,2010,1287,0.00011857800219013523,2010/02/23 14:00:00
NL13,Heating Tertiary,2010,1288,0.00011988400221425704,2010/02/23 15:00:00
NL13,Heating Tertiary,2010,1289,0.00012030500222203291,2010/02/23 16:00:00
NL13,Heating Tertiary,2010,1290,0.00012085000223209905,2010/02/23 17:00:00
NL13,Heating Tertiary,2010,1291,0.00012339000227901283,2010/02/23 18:00:00
NL13,Heating Tertiary,2010,1292,0.00013127200242459336,2010/02/23 19:00:00
NL13,Heating Tertiary,2010,1293,0.00014715300271791535,2010/02/23 20:00:00
NL13,Heating Tertiary,2010,1294,0.00017101400315862794,2010/02/23 21:00:00
NL13,Heating Tertiary,2010,1295,0.00019950800368491204,2010/02/23 22:00:00
NL13,Heating Tertiary,2010,1296,0.0002268080041891429,2010/02/23 23:00:00
NL13,Heating Tertiary,2010,1297,0.00028570800527702575,2010/02/24 00:00:00
NL13,Heating Tertiary,2010,1298,0.0003006490055529859,2010/02/24 01:00:00
NL13,Heating Tertiary,2010,1299,0.0003083540056952973,2010/02/24 02:00:00
NL13,Heating Tertiary,2010,1300,0.00031170400575717175,2010/02/24 03:00:00
NL13,Heating Tertiary,2010,1301,0.0003070780056717295,2010/02/24 04:00:00
NL13,Heating Tertiary,2010,1302,0.0002900040053563728,2010/02/24 05:00:00
NL13,Heating Tertiary,2010,1303,0.000262185004842556,2010/02/24 06:00:00
NL13,Heating Tertiary,2010,1304,0.00022952700423936283,2010/02/24 07:00:00
NL13,Heating Tertiary,2010,1305,0.00019985700369135805,2010/02/24 08:00:00
NL13,Heating Tertiary,2010,1306,0.00017664400326261403,2010/02/24 09:00:00
NL13,Heating Tertiary,2010,1307,0.00016065600296731573,2010/02/24 10:00:00
NL13,Heating Tertiary,2010,1308,0.000148648002745528,2010/02/24 11:00:00
NL13,Heating Tertiary,2010,1309,0.00014041400259344605,2010/02/24 12:00:00
NL13,Heating Tertiary,2010,1310,0.00013655500252217033,2010/02/24 13:00:00
NL13,Heating Tertiary,2010,1311,0.00013654700252202257,2010/02/24 14:00:00
NL13,Heating Tertiary,2010,1312,0.00013805100254980147,2010/02/24 15:00:00
NL13,Heating Tertiary,2010,1313,0.00013853600255875941,2010/02/24 16:00:00
NL13,Heating Tertiary,2010,1314,0.00013916400257035856,2010/02/24 17:00:00
NL13,Heating Tertiary,2010,1315,0.0001420890026243833,2010/02/24 18:00:00
NL13,Heating Tertiary,2010,1316,0.00015116600279203545,2010/02/24 19:00:00
NL13,Heating Tertiary,2010,1317,0.00016945300312979627,2010/02/24 20:00:00
NL13,Heating Tertiary,2010,1318,0.00019693000363729638,2010/02/24 21:00:00
NL13,Heating Tertiary,2010,1319,0.00022974100424331544,2010/02/24 22:00:00
NL13,Heating Tertiary,2010,1320,0.00026118000482399365,2010/02/24 23:00:00
NL13,Heating Tertiary,2010,1321,0.00022914300423227036,2010/02/25 00:00:00
NL13,Heating Tertiary,2010,1322,0.00024112600445359633,2010/02/25 01:00:00
NL13,Heating Tertiary,2010,1323,0.0002473060045677409,2010/02/25 02:00:00
NL13,Heating Tertiary,2010,1324,0.0002499920046173513,2010/02/25 03:00:00
NL13,Heating Tertiary,2010,1325,0.0002462830045488461,2010/02/25 04:00:00
NL13,Heating Tertiary,2010,1326,0.00023258900429591798,2010/02/25 05:00:00
NL13,Heating Tertiary,2010,1327,0.0002102770038838154,2010/02/25 06:00:00
NL13,Heating Tertiary,2010,1328,0.00018408500340004927,2010/02/25 07:00:00
NL13,Heating Tertiary,2010,1329,0.0001602890029605372,2010/02/25 08:00:00
NL13,Heating Tertiary,2010,1330,0.00014167100261666283,2010/02/25 09:00:00
NL13,Heating Tertiary,2010,1331,0.00012884900237984055,2010/02/25 10:00:00
NL13,Heating Tertiary,2010,1332,0.00011921800220195602,2010/02/25 11:00:00
NL13,Heating Tertiary,2010,1333,0.00011261400207998017,2010/02/25 12:00:00
NL13,Heating Tertiary,2010,1334,0.00010952000202283399,2010/02/25 13:00:00
NL13,Heating Tertiary,2010,1335,0.00010951400202272317,2010/02/25 14:00:00
NL13,Heating Tertiary,2010,1336,0.00011072000204499798,2010/02/25 15:00:00
NL13,Heating Tertiary,2010,1337,0.00011110900205218281,2010/02/25 16:00:00
NL13,Heating Tertiary,2010,1338,0.00011161200206147321,2010/02/25 17:00:00
NL13,Heating Tertiary,2010,1339,0.00011395700210478536,2010/02/25 18:00:00
NL13,Heating Tertiary,2010,1340,0.00012123800223926541,2010/02/25 19:00:00
NL13,Heating Tertiary,2010,1341,0.00013590400251014637,2010/02/25 20:00:00
NL13,Heating Tertiary,2010,1342,0.00015794200291718817,2010/02/25 21:00:00
NL13,Heating Tertiary,2010,1343,0.00018425700340322611,2010/02/25 22:00:00
NL13,Heating Tertiary,2010,1344,0.0002094710038689286,2010/02/25 23:00:00
NL13,Heating Tertiary,2010,1345,0.00016326200301544852,2010/02/26 00:00:00
NL13,Heating Tertiary,2010,1346,0.00017180000317314537,2010/02/26 01:00:00
NL13,Heating Tertiary,2010,1347,0.0001762020032544503,2010/02/26 02:00:00
NL13,Heating Tertiary,2010,1348,0.00017811700328982036,2010/02/26 03:00:00
NL13,Heating Tertiary,2010,1349,0.00017547300324098562,2010/02/26 04:00:00
NL13,Heating Tertiary,2010,1350,0.00016571600306077385,2010/02/26 05:00:00
NL13,Heating Tertiary,2010,1351,0.00014982000276717483,2010/02/26 06:00:00
NL13,Heating Tertiary,2010,1352,0.00013115800242248775,2010/02/26 07:00:00
NL13,Heating Tertiary,2010,1353,0.00011420400210934745,2010/02/26 08:00:00
NL13,Heating Tertiary,2010,1354,0.00010093900186434295,2010/02/26 09:00:00
NL13,Heating Tertiary,2010,1355,9.180320169560477e-05,2010/02/26 10:00:00
NL13,Heating Tertiary,2010,1356,8.494190156887659e-05,2010/02/26 11:00:00
NL13,Heating Tertiary,2010,1357,8.02366014819697e-05,2010/02/26 12:00:00
NL13,Heating Tertiary,2010,1358,7.803160144124337e-05,2010/02/26 13:00:00
NL13,Heating Tertiary,2010,1359,7.802730144116393e-05,2010/02/26 14:00:00
NL13,Heating Tertiary,2010,1360,7.888630145702967e-05,2010/02/26 15:00:00
NL13,Heating Tertiary,2010,1361,7.916350146214954e-05,2010/02/26 16:00:00
NL13,Heating Tertiary,2010,1362,7.952250146878027e-05,2010/02/26 17:00:00
NL13,Heating Tertiary,2010,1363,8.11934014996418e-05,2010/02/26 18:00:00
NL13,Heating Tertiary,2010,1364,8.638010159544012e-05,2010/02/26 19:00:00
NL13,Heating Tertiary,2010,1365,9.683030178845528e-05,2010/02/26 20:00:00
NL13,Heating Tertiary,2010,1366,0.00011253200207846561,2010/02/26 21:00:00
NL13,Heating Tertiary,2010,1367,0.00013128100242475958,2010/02/26 22:00:00
NL13,Heating Tertiary,2010,1368,0.00014924500275655459,2010/02/26 23:00:00
NL13,Heating Tertiary,2010,1369,0.00017196900317626685,2010/02/27 00:00:00
NL13,Heating Tertiary,2010,1370,0.0001804110033321905,2010/02/27 01:00:00
NL13,Heating Tertiary,2010,1371,0.00018544100342509457,2010/02/27 02:00:00
NL13,Heating Tertiary,2010,1372,0.00018839700347969188,2010/02/27 03:00:00
NL13,Heating Tertiary,2010,1373,0.0001863940034426965,2010/02/27 04:00:00
NL13,Heating Tertiary,2010,1374,0.0001769810032688384,2010/02/27 05:00:00
NL13,Heating Tertiary,2010,1375,0.00016108800297529475,2010/02/27 06:00:00
NL13,Heating Tertiary,2010,1376,0.00014198000262237006,2010/02/27 07:00:00
NL13,Heating Tertiary,2010,1377,0.00012330700227747984,2010/02/27 08:00:00
NL13,Heating Tertiary,2010,1378,0.00010817300199795491,2010/02/27 09:00:00
NL13,Heating Tertiary,2010,1379,9.737060179843461e-05,2010/02/27 10:00:00
NL13,Heating Tertiary,2010,1380,8.946640165244407e-05,2010/02/27 11:00:00
NL13,Heating Tertiary,2010,1381,8.375860154702104e-05,2010/02/27 12:00:00
NL13,Heating Tertiary,2010,1382,8.107330149742356e-05,2010/02/27 13:00:00
NL13,Heating Tertiary,2010,1383,8.125710150081833e-05,2010/02/27 14:00:00
NL13,Heating Tertiary,2010,1384,8.241440152219367e-05,2010/02/27 15:00:00
NL13,Heating Tertiary,2010,1385,8.282660152980699e-05,2010/02/27 16:00:00
NL13,Heating Tertiary,2010,1386,8.271580152776051e-05,2010/02/27 17:00:00
NL13,Heating Tertiary,2010,1387,8.350860154240354e-05,2010/02/27 18:00:00
NL13,Heating Tertiary,2010,1388,8.785610162270184e-05,2010/02/27 19:00:00
NL13,Heating Tertiary,2010,1389,9.869620182291845e-05,2010/02/27 20:00:00
NL13,Heating Tertiary,2010,1390,0.00011601000214270428,2010/02/27 21:00:00
NL13,Heating Tertiary,2010,1391,0.00013749500253953215,2010/02/27 22:00:00
NL13,Heating Tertiary,2010,1392,0.00015722500290394516,2010/02/27 23:00:00
NL13,Heating Tertiary,2010,1393,0.00019116900353089073,2010/02/28 00:00:00
NL13,Heating Tertiary,2010,1394,0.00020325900375419296,2010/02/28 01:00:00
NL13,Heating Tertiary,2010,1395,0.00020870200385472517,2010/02/28 02:00:00
NL13,Heating Tertiary,2010,1396,0.0002109170038956362,2010/02/28 03:00:00
NL13,Heating Tertiary,2010,1397,0.0002077880038378436,2010/02/28 04:00:00
NL13,Heating Tertiary,2010,1398,0.00019731300364437035,2010/02/28 05:00:00
NL13,Heating Tertiary,2010,1399,0.00018006400332578145,2010/02/28 06:00:00
NL13,Heating Tertiary,2010,1400,0.0001592170029407374,2010/02/28 07:00:00
NL13,Heating Tertiary,2010,1401,0.0001393060025729813,2010/02/28 08:00:00
NL13,Heating Tertiary,2010,1402,0.00012376000228584674,2010/02/28 09:00:00
NL13,Heating Tertiary,2010,1403,0.0001131130020891967,2010/02/28 10:00:00
NL13,Heating Tertiary,2010,1404,0.00010497800193894327,2010/02/28 11:00:00
NL13,Heating Tertiary,2010,1405,9.853220181988937e-05,2010/02/28 12:00:00
NL13,Heating Tertiary,2010,1406,9.49378017535008e-05,2010/02/28 13:00:00
NL13,Heating Tertiary,2010,1407,9.329100172308441e-05,2010/02/28 14:00:00
NL13,Heating Tertiary,2010,1408,9.263380171094594e-05,2010/02/28 15:00:00
NL13,Heating Tertiary,2010,1409,9.142020168853075e-05,2010/02/28 16:00:00
NL13,Heating Tertiary,2010,1410,9.088550167865484e-05,2010/02/28 17:00:00
NL13,Heating Tertiary,2010,1411,9.220550170303524e-05,2010/02/28 18:00:00
NL13,Heating Tertiary,2010,1412,9.751850180116633e-05,2010/02/28 19:00:00
NL13,Heating Tertiary,2010,1413,0.00010903000201378369,2010/02/28 20:00:00
NL13,Heating Tertiary,2010,1414,0.00012655600233748884,2010/02/28 21:00:00
NL13,Heating Tertiary,2010,1415,0.00014877900274794757,2010/02/28 22:00:00
NL13,Heating Tertiary,2010,1416,0.00017202400317728263,2010/02/28 23:00:00
NL13,Heating Tertiary,2010,1417,0.00019453900359313458,2010/03/01 00:00:00
NL13,Heating Tertiary,2010,1418,0.00020471200378102987,2010/03/01 01:00:00
NL13,Heating Tertiary,2010,1419,0.00020995800387792348,2010/03/01 02:00:00
NL13,Heating Tertiary,2010,1420,0.00021223900392005354,2010/03/01 03:00:00
NL13,Heating Tertiary,2010,1421,0.0002090900038618915,2010/03/01 04:00:00
NL13,Heating Tertiary,2010,1422,0.00019746400364715938,2010/03/01 05:00:00
NL13,Heating Tertiary,2010,1423,0.00017852200329730072,2010/03/01 06:00:00
NL13,Heating Tertiary,2010,1424,0.00015628500288658337,2010/03/01 07:00:00
NL13,Heating Tertiary,2010,1425,0.0001360830025134525,2010/03/01 08:00:00
NL13,Heating Tertiary,2010,1426,0.00012027700222151574,2010/03/01 09:00:00
NL13,Heating Tertiary,2010,1427,0.00010939000202043289,2010/03/01 10:00:00
NL13,Heating Tertiary,2010,1428,0.0001012140018694222,2010/03/01 11:00:00
NL13,Heating Tertiary,2010,1429,9.56080017658794e-05,2010/03/01 12:00:00
NL13,Heating Tertiary,2010,1430,9.298030171734579e-05,2010/03/01 13:00:00
NL13,Heating Tertiary,2010,1431,9.297540171725528e-05,2010/03/01 14:00:00
NL13,Heating Tertiary,2010,1432,9.399900173616117e-05,2010/03/01 15:00:00
NL13,Heating Tertiary,2010,1433,9.43295017422655e-05,2010/03/01 16:00:00
NL13,Heating Tertiary,2010,1434,9.475650175015221e-05,2010/03/01 17:00:00
NL13,Heating Tertiary,2010,1435,9.67480017869352e-05,2010/03/01 18:00:00
NL13,Heating Tertiary,2010,1436,0.00010292900190109825,2010/03/01 19:00:00
NL13,Heating Tertiary,2010,1437,0.00011538000213106816,2010/03/01 20:00:00
NL13,Heating Tertiary,2010,1438,0.00013409000247664182,2010/03/01 21:00:00
NL13,Heating Tertiary,2010,1439,0.00015643100288928,2010/03/01 22:00:00
NL13,Heating Tertiary,2010,1440,0.00017783700328464878,2010/03/01 23:00:00
NL13,Heating Tertiary,2010,1441,0.0002113970039045018,2010/03/02 00:00:00
NL13,Heating Tertiary,2010,1442,0.0002224520041086876,2010/03/02 01:00:00
NL13,Heating Tertiary,2010,1443,0.00022815300421398505,2010/03/02 02:00:00
NL13,Heating Tertiary,2010,1444,0.00023063200425977218,2010/03/02 03:00:00
NL13,Heating Tertiary,2010,1445,0.00022720900419654938,2010/03/02 04:00:00
NL13,Heating Tertiary,2010,1446,0.00021457600396321792,2010/03/02 05:00:00
NL13,Heating Tertiary,2010,1447,0.0001939920035830315,2010/03/02 06:00:00
NL13,Heating Tertiary,2010,1448,0.000169829003136741,2010/03/02 07:00:00
NL13,Heating Tertiary,2010,1449,0.00014787600273126917,2010/03/02 08:00:00
NL13,Heating Tertiary,2010,1450,0.0001307000024140285,2010/03/02 09:00:00
NL13,Heating Tertiary,2010,1451,0.00011887000219552846,2010/03/02 10:00:00
NL13,Heating Tertiary,2010,1452,0.00010998600203144102,2010/03/02 11:00:00
NL13,Heating Tertiary,2010,1453,0.00010389300191890333,2010/03/02 12:00:00
NL13,Heating Tertiary,2010,1454,0.00010103800186617147,2010/03/02 13:00:00
NL13,Heating Tertiary,2010,1455,0.00010103200186606066,2010/03/02 14:00:00
NL13,Heating Tertiary,2010,1456,0.00010214500188661777,2010/03/02 15:00:00
NL13,Heating Tertiary,2010,1457,0.0001025040018932485,2010/03/02 16:00:00
NL13,Heating Tertiary,2010,1458,0.00010296800190181858,2010/03/02 17:00:00
NL13,Heating Tertiary,2010,1459,0.00010513200194178766,2010/03/02 18:00:00
NL13,Heating Tertiary,2010,1460,0.00011184800206583214,2010/03/02 19:00:00
NL13,Heating Tertiary,2010,1461,0.00012537900231574968,2010/03/02 20:00:00
NL13,Heating Tertiary,2010,1462,0.00014571000269126316,2010/03/02 21:00:00
NL13,Heating Tertiary,2010,1463,0.00016998700313965924,2010/03/02 22:00:00
NL13,Heating Tertiary,2010,1464,0.00019324800356928983,2010/03/02 23:00:00
NL13,Heating Tertiary,2010,1465,0.00022914300423227036,2010/03/03 00:00:00
NL13,Heating Tertiary,2010,1466,0.00024112600445359633,2010/03/03 01:00:00
NL13,Heating Tertiary,2010,1467,0.0002473060045677409,2010/03/03 02:00:00
NL13,Heating Tertiary,2010,1468,0.0002499920046173513,2010/03/03 03:00:00
NL13,Heating Tertiary,2010,1469,0.0002462830045488461,2010/03/03 04:00:00
NL13,Heating Tertiary,2010,1470,0.00023258900429591798,2010/03/03 05:00:00
NL13,Heating Tertiary,2010,1471,0.0002102770038838154,2010/03/03 06:00:00
NL13,Heating Tertiary,2010,1472,0.00018408500340004927,2010/03/03 07:00:00
NL13,Heating Tertiary,2010,1473,0.0001602890029605372,2010/03/03 08:00:00
NL13,Heating Tertiary,2010,1474,0.00014167100261666283,2010/03/03 09:00:00
NL13,Heating Tertiary,2010,1475,0.00012884900237984055,2010/03/03 10:00:00
NL13,Heating Tertiary,2010,1476,0.00011921800220195602,2010/03/03 11:00:00
NL13,Heating Tertiary,2010,1477,0.00011261400207998017,2010/03/03 12:00:00
NL13,Heating Tertiary,2010,1478,0.00010952000202283399,2010/03/03 13:00:00
NL13,Heating Tertiary,2010,1479,0.00010951400202272317,2010/03/03 14:00:00
NL13,Heating Tertiary,2010,1480,0.00011072000204499798,2010/03/03 15:00:00
NL13,Heating Tertiary,2010,1481,0.00011110900205218281,2010/03/03 16:00:00
NL13,Heating Tertiary,2010,1482,0.00011161200206147321,2010/03/03 17:00:00
NL13,Heating Tertiary,2010,1483,0.00011395700210478536,2010/03/03 18:00:00
NL13,Heating Tertiary,2010,1484,0.00012123800223926541,2010/03/03 19:00:00
NL13,Heating Tertiary,2010,1485,0.00013590400251014637,2010/03/03 20:00:00
NL13,Heating Tertiary,2010,1486,0.00015794200291718817,2010/03/03 21:00:00
NL13,Heating Tertiary,2010,1487,0.00018425700340322611,2010/03/03 22:00:00
NL13,Heating Tertiary,2010,1488,0.0002094710038689286,2010/03/03 23:00:00
NL13,Heating Tertiary,2010,1489,0.0002481090045825723,2010/03/04 00:00:00
NL13,Heating Tertiary,2010,1490,0.0002610840048222205,2010/03/04 01:00:00
NL13,Heating Tertiary,2010,1491,0.00026777500494580325,2010/03/04 02:00:00
NL13,Heating Tertiary,2010,1492,0.000270683004999514,2010/03/04 03:00:00
NL13,Heating Tertiary,2010,1493,0.0002666670049253385,2010/03/04 04:00:00
NL13,Heating Tertiary,2010,1494,0.00025184000465148387,2010/03/04 05:00:00
NL13,Heating Tertiary,2010,1495,0.0002276820042052857,2010/03/04 06:00:00
NL13,Heating Tertiary,2010,1496,0.00019932100368145813,2010/03/04 07:00:00
NL13,Heating Tertiary,2010,1497,0.00017355600320557863,2010/03/04 08:00:00
NL13,Heating Tertiary,2010,1498,0.00015339700283324207,2010/03/04 09:00:00
NL13,Heating Tertiary,2010,1499,0.00013951400257682307,2010/03/04 10:00:00
NL13,Heating Tertiary,2010,1500,0.00012908600238421795,2010/03/04 11:00:00
NL13,Heating Tertiary,2010,1501,0.000121935002252139,2010/03/04 12:00:00
NL13,Heating Tertiary,2010,1502,0.00011858400219024605,2010/03/04 13:00:00
NL13,Heating Tertiary,2010,1503,0.00011857800219013523,2010/03/04 14:00:00
NL13,Heating Tertiary,2010,1504,0.00011988400221425704,2010/03/04 15:00:00
NL13,Heating Tertiary,2010,1505,0.00012030500222203291,2010/03/04 16:00:00
NL13,Heating Tertiary,2010,1506,0.00012085000223209905,2010/03/04 17:00:00
NL13,Heating Tertiary,2010,1507,0.00012339000227901283,2010/03/04 18:00:00
NL13,Heating Tertiary,2010,1508,0.00013127200242459336,2010/03/04 19:00:00
NL13,Heating Tertiary,2010,1509,0.00014715300271791535,2010/03/04 20:00:00
NL13,Heating Tertiary,2010,1510,0.00017101400315862794,2010/03/04 21:00:00
NL13,Heating Tertiary,2010,1511,0.00019950800368491204,2010/03/04 22:00:00
NL13,Heating Tertiary,2010,1512,0.0002268080041891429,2010/03/04 23:00:00
NL13,Heating Tertiary,2010,1513,0.00028570800527702575,2010/03/05 00:00:00
NL13,Heating Tertiary,2010,1514,0.0003006490055529859,2010/03/05 01:00:00
NL13,Heating Tertiary,2010,1515,0.0003083540056952973,2010/03/05 02:00:00
NL13,Heating Tertiary,2010,1516,0.00031170400575717175,2010/03/05 03:00:00
NL13,Heating Tertiary,2010,1517,0.0003070780056717295,2010/03/05 04:00:00
NL13,Heating Tertiary,2010,1518,0.0002900040053563728,2010/03/05 05:00:00
NL13,Heating Tertiary,2010,1519,0.000262185004842556,2010/03/05 06:00:00
NL13,Heating Tertiary,2010,1520,0.00022952700423936283,2010/03/05 07:00:00
NL13,Heating Tertiary,2010,1521,0.00019985700369135805,2010/03/05 08:00:00
NL13,Heating Tertiary,2010,1522,0.00017664400326261403,2010/03/05 09:00:00
NL13,Heating Tertiary,2010,1523,0.00016065600296731573,2010/03/05 10:00:00
NL13,Heating Tertiary,2010,1524,0.000148648002745528,2010/03/05 11:00:00
NL13,Heating Tertiary,2010,1525,0.00014041400259344605,2010/03/05 12:00:00
NL13,Heating Tertiary,2010,1526,0.00013655500252217033,2010/03/05 13:00:00
NL13,Heating Tertiary,2010,1527,0.00013654700252202257,2010/03/05 14:00:00
NL13,Heating Tertiary,2010,1528,0.00013805100254980147,2010/03/05 15:00:00
NL13,Heating Tertiary,2010,1529,0.00013853600255875941,2010/03/05 16:00:00
NL13,Heating Tertiary,2010,1530,0.00013916400257035856,2010/03/05 17:00:00
NL13,Heating Tertiary,2010,1531,0.0001420890026243833,2010/03/05 18:00:00
NL13,Heating Tertiary,2010,1532,0.00015116600279203545,2010/03/05 19:00:00
NL13,Heating Tertiary,2010,1533,0.00016945300312979627,2010/03/05 20:00:00
NL13,Heating Tertiary,2010,1534,0.00019693000363729638,2010/03/05 21:00:00
NL13,Heating Tertiary,2010,1535,0.00022974100424331544,2010/03/05 22:00:00
NL13,Heating Tertiary,2010,1536,0.00026118000482399365,2010/03/05 23:00:00
NL13,Heating Tertiary,2010,1537,0.0002817860052045864,2010/03/06 00:00:00
NL13,Heating Tertiary,2010,1538,0.0002956180054600634,2010/03/06 01:00:00
NL13,Heating Tertiary,2010,1539,0.00030386200561233006,2010/03/06 02:00:00
NL13,Heating Tertiary,2010,1540,0.00030870400570176174,2010/03/06 03:00:00
NL13,Heating Tertiary,2010,1541,0.00030542300564116167,2010/03/06 04:00:00
NL13,Heating Tertiary,2010,1542,0.00028999900535628046,2010/03/06 05:00:00
NL13,Heating Tertiary,2010,1543,0.00026395600487526635,2010/03/06 06:00:00
NL13,Heating Tertiary,2010,1544,0.00023264700429698922,2010/03/06 07:00:00
NL13,Heating Tertiary,2010,1545,0.00020204900373184428,2010/03/06 08:00:00
NL13,Heating Tertiary,2010,1546,0.0001772520032738438,2010/03/06 09:00:00
NL13,Heating Tertiary,2010,1547,0.0001595500029468879,2010/03/06 10:00:00
NL13,Heating Tertiary,2010,1548,0.00014659900270768298,2010/03/06 11:00:00
NL13,Heating Tertiary,2010,1549,0.00013724500253491464,2010/03/06 12:00:00
NL13,Heating Tertiary,2010,1550,0.00013284600245366514,2010/03/06 13:00:00
NL13,Heating Tertiary,2010,1551,0.0001331470024592246,2010/03/06 14:00:00
NL13,Heating Tertiary,2010,1552,0.00013504300249424372,2010/03/06 15:00:00
NL13,Heating Tertiary,2010,1553,0.0001357190025067294,2010/03/06 16:00:00
NL13,Heating Tertiary,2010,1554,0.0001355370025033679,2010/03/06 17:00:00
NL13,Heating Tertiary,2010,1555,0.00013683600252736042,2010/03/06 18:00:00
NL13,Heating Tertiary,2010,1556,0.0001439590026589222,2010/03/06 19:00:00
NL13,Heating Tertiary,2010,1557,0.00016172200298700474,2010/03/06 20:00:00
NL13,Heating Tertiary,2010,1558,0.00019009200351099853,2010/03/06 21:00:00
NL13,Heating Tertiary,2010,1559,0.00022529800416125323,2010/03/06 22:00:00
NL13,Heating Tertiary,2010,1560,0.0002576260047583512,2010/03/06 23:00:00
NL13,Heating Tertiary,2010,1561,0.0003242290059885085,2010/03/07 00:00:00
NL13,Heating Tertiary,2010,1562,0.00034473300636721725,2010/03/07 01:00:00
NL13,Heating Tertiary,2010,1563,0.0003539650065377322,2010/03/07 02:00:00
NL13,Heating Tertiary,2010,1564,0.00035772200660712396,2010/03/07 03:00:00
NL13,Heating Tertiary,2010,1565,0.00035241500650910377,2010/03/07 04:00:00
NL13,Heating Tertiary,2010,1566,0.00033464800618094735,2010/03/07 05:00:00
NL13,Heating Tertiary,2010,1567,0.00030539400564062605,2010/03/07 06:00:00
NL13,Heating Tertiary,2010,1568,0.00027003700498758244,2010/03/07 07:00:00
NL13,Heating Tertiary,2010,1569,0.00023626800436386908,2010/03/07 08:00:00
NL13,Heating Tertiary,2010,1570,0.0002099010038768707,2010/03/07 09:00:00
NL13,Heating Tertiary,2010,1571,0.00019184200354332103,2010/03/07 10:00:00
NL13,Heating Tertiary,2010,1572,0.00017804500328849049,2010/03/07 11:00:00
NL13,Heating Tertiary,2010,1573,0.00016711400308659497,2010/03/07 12:00:00
NL13,Heating Tertiary,2010,1574,0.0001610170029739834,2010/03/07 13:00:00
NL13,Heating Tertiary,2010,1575,0.00015822400292239667,2010/03/07 14:00:00
NL13,Heating Tertiary,2010,1576,0.00015711000290182114,2010/03/07 15:00:00
NL13,Heating Tertiary,2010,1577,0.00015505100286379144,2010/03/07 16:00:00
NL13,Heating Tertiary,2010,1578,0.0001541440028470391,2010/03/07 17:00:00
NL13,Heating Tertiary,2010,1579,0.0001563830028883934,2010/03/07 18:00:00
NL13,Heating Tertiary,2010,1580,0.00016539400305482657,2010/03/07 19:00:00
NL13,Heating Tertiary,2010,1581,0.00018491800341543477,2010/03/07 20:00:00
NL13,Heating Tertiary,2010,1582,0.0002146430039644554,2010/03/07 21:00:00
NL13,Heating Tertiary,2010,1583,0.00025233300466058955,2010/03/07 22:00:00
NL13,Heating Tertiary,2010,1584,0.00029175900538878767,2010/03/07 23:00:00
NL13,Heating Tertiary,2010,1585,0.000321643005940745,2010/03/08 00:00:00
NL13,Heating Tertiary,2010,1586,0.0003384640062514288,2010/03/08 01:00:00
NL13,Heating Tertiary,2010,1587,0.0003471380064116377,2010/03/08 02:00:00
NL13,Heating Tertiary,2010,1588,0.0003509090064812879,2010/03/08 03:00:00
NL13,Heating Tertiary,2010,1589,0.00034570200638511464,2010/03/08 04:00:00
NL13,Heating Tertiary,2010,1590,0.0003264800060300844,2010/03/08 05:00:00
NL13,Heating Tertiary,2010,1591,0.00029516100545162255,2010/03/08 06:00:00
NL13,Heating Tertiary,2010,1592,0.00025839600477257316,2010/03/08 07:00:00
NL13,Heating Tertiary,2010,1593,0.00022499500415565683,2010/03/08 08:00:00
NL13,Heating Tertiary,2010,1594,0.0001988610036729619,2010/03/08 09:00:00
NL13,Heating Tertiary,2010,1595,0.00018086200334052046,2010/03/08 10:00:00
NL13,Heating Tertiary,2010,1596,0.00016734500309086153,2010/03/08 11:00:00
NL13,Heating Tertiary,2010,1597,0.00015807500291964465,2010/03/08 12:00:00
NL13,Heating Tertiary,2010,1598,0.00015373000283939252,2010/03/08 13:00:00
NL13,Heating Tertiary,2010,1599,0.00015372200283924478,2010/03/08 14:00:00
NL13,Heating Tertiary,2010,1600,0.00015541500287051446,2010/03/08 15:00:00
NL13,Heating Tertiary,2010,1601,0.0001559610028805991,2010/03/08 16:00:00
NL13,Heating Tertiary,2010,1602,0.0001566670028936389,2010/03/08 17:00:00
NL13,Heating Tertiary,2010,1603,0.0001599600029544606,2010/03/08 18:00:00
NL13,Heating Tertiary,2010,1604,0.00017017800314318701,2010/03/08 19:00:00
NL13,Heating Tertiary,2010,1605,0.0001907660035234473,2010/03/08 20:00:00
NL13,Heating Tertiary,2010,1606,0.00022170000409479817,2010/03/08 21:00:00
NL13,Heating Tertiary,2010,1607,0.0002586370047770244,2010/03/08 22:00:00
NL13,Heating Tertiary,2010,1608,0.000294030005430733,2010/03/08 23:00:00
NL13,Heating Tertiary,2010,1609,0.00028570800527702575,2010/03/09 00:00:00
NL13,Heating Tertiary,2010,1610,0.0003006490055529859,2010/03/09 01:00:00
NL13,Heating Tertiary,2010,1611,0.0003083540056952973,2010/03/09 02:00:00
NL13,Heating Tertiary,2010,1612,0.00031170400575717175,2010/03/09 03:00:00
NL13,Heating Tertiary,2010,1613,0.0003070780056717295,2010/03/09 04:00:00
NL13,Heating Tertiary,2010,1614,0.0002900040053563728,2010/03/09 05:00:00
NL13,Heating Tertiary,2010,1615,0.000262185004842556,2010/03/09 06:00:00
NL13,Heating Tertiary,2010,1616,0.00022952700423936283,2010/03/09 07:00:00
NL13,Heating Tertiary,2010,1617,0.00019985700369135805,2010/03/09 08:00:00
NL13,Heating Tertiary,2010,1618,0.00017664400326261403,2010/03/09 09:00:00
NL13,Heating Tertiary,2010,1619,0.00016065600296731573,2010/03/09 10:00:00
NL13,Heating Tertiary,2010,1620,0.000148648002745528,2010/03/09 11:00:00
NL13,Heating Tertiary,2010,1621,0.00014041400259344605,2010/03/09 12:00:00
NL13,Heating Tertiary,2010,1622,0.00013655500252217033,2010/03/09 13:00:00
NL13,Heating Tertiary,2010,1623,0.00013654700252202257,2010/03/09 14:00:00
NL13,Heating Tertiary,2010,1624,0.00013805100254980147,2010/03/09 15:00:00
NL13,Heating Tertiary,2010,1625,0.00013853600255875941,2010/03/09 16:00:00
NL13,Heating Tertiary,2010,1626,0.00013916400257035856,2010/03/09 17:00:00
NL13,Heating Tertiary,2010,1627,0.0001420890026243833,2010/03/09 18:00:00
NL13,Heating Tertiary,2010,1628,0.00015116600279203545,2010/03/09 19:00:00
NL13,Heating Tertiary,2010,1629,0.00016945300312979627,2010/03/09 20:00:00
NL13,Heating Tertiary,2010,1630,0.00019693000363729638,2010/03/09 21:00:00
NL13,Heating Tertiary,2010,1631,0.00022974100424331544,2010/03/09 22:00:00
NL13,Heating Tertiary,2010,1632,0.00026118000482399365,2010/03/09 23:00:00
NL13,Heating Tertiary,2010,1633,0.0003032320056006939,2010/03/10 00:00:00
NL13,Heating Tertiary,2010,1634,0.0003190890058935726,2010/03/10 01:00:00
NL13,Heating Tertiary,2010,1635,0.00032726700604462027,2010/03/10 02:00:00
NL13,Heating Tertiary,2010,1636,0.00033082200611028105,2010/03/10 03:00:00
NL13,Heating Tertiary,2010,1637,0.0003259130060196119,2010/03/10 04:00:00
NL13,Heating Tertiary,2010,1638,0.00030779100568489865,2010/03/10 05:00:00
NL13,Heating Tertiary,2010,1639,0.000278266005139572,2010/03/10 06:00:00
NL13,Heating Tertiary,2010,1640,0.0002436060044994019,2010/03/10 07:00:00
NL13,Heating Tertiary,2010,1641,0.00021211600391778175,2010/03/10 08:00:00
NL13,Heating Tertiary,2010,1642,0.00018747800346271797,2010/03/10 09:00:00
NL13,Heating Tertiary,2010,1643,0.0001705090031493006,2010/03/10 10:00:00
NL13,Heating Tertiary,2010,1644,0.00015776600291393742,2010/03/10 11:00:00
NL13,Heating Tertiary,2010,1645,0.00014902600275250967,2010/03/10 12:00:00
NL13,Heating Tertiary,2010,1646,0.00014493000267685658,2010/03/10 13:00:00
NL13,Heating Tertiary,2010,1647,0.00014492300267672728,2010/03/10 14:00:00
NL13,Heating Tertiary,2010,1648,0.00014651800270618691,2010/03/10 15:00:00
NL13,Heating Tertiary,2010,1649,0.00014703400271571742,2010/03/10 16:00:00
NL13,Heating Tertiary,2010,1650,0.00014769900272799992,2010/03/10 17:00:00
NL13,Heating Tertiary,2010,1651,0.00015080300278533086,2010/03/10 18:00:00
NL13,Heating Tertiary,2010,1652,0.0001604370029632708,2010/03/10 19:00:00
NL13,Heating Tertiary,2010,1653,0.00017984600332175493,2010/03/10 20:00:00
NL13,Heating Tertiary,2010,1654,0.00020900900386039545,2010/03/10 21:00:00
NL13,Heating Tertiary,2010,1655,0.0002438330045035946,2010/03/10 22:00:00
NL13,Heating Tertiary,2010,1656,0.0002771990051198645,2010/03/10 23:00:00
NL13,Heating Tertiary,2010,1657,0.0003032320056006939,2010/03/11 00:00:00
NL13,Heating Tertiary,2010,1658,0.0003190890058935726,2010/03/11 01:00:00
NL13,Heating Tertiary,2010,1659,0.00032726700604462027,2010/03/11 02:00:00
NL13,Heating Tertiary,2010,1660,0.00033082200611028105,2010/03/11 03:00:00
NL13,Heating Tertiary,2010,1661,0.0003259130060196119,2010/03/11 04:00:00
NL13,Heating Tertiary,2010,1662,0.00030779100568489865,2010/03/11 05:00:00
NL13,Heating Tertiary,2010,1663,0.000278266005139572,2010/03/11 06:00:00
NL13,Heating Tertiary,2010,1664,0.0002436060044994019,2010/03/11 07:00:00
NL13,Heating Tertiary,2010,1665,0.00021211600391778175,2010/03/11 08:00:00
NL13,Heating Tertiary,2010,1666,0.00018747800346271797,2010/03/11 09:00:00
NL13,Heating Tertiary,2010,1667,0.0001705090031493006,2010/03/11 10:00:00
NL13,Heating Tertiary,2010,1668,0.00015776600291393742,2010/03/11 11:00:00
NL13,Heating Tertiary,2010,1669,0.00014902600275250967,2010/03/11 12:00:00
NL13,Heating Tertiary,2010,1670,0.00014493000267685658,2010/03/11 13:00:00
NL13,Heating Tertiary,2010,1671,0.00014492300267672728,2010/03/11 14:00:00
NL13,Heating Tertiary,2010,1672,0.00014651800270618691,2010/03/11 15:00:00
NL13,Heating Tertiary,2010,1673,0.00014703400271571742,2010/03/11 16:00:00
NL13,Heating Tertiary,2010,1674,0.00014769900272799992,2010/03/11 17:00:00
NL13,Heating Tertiary,2010,1675,0.00015080300278533086,2010/03/11 18:00:00
NL13,Heating Tertiary,2010,1676,0.0001604370029632708,2010/03/11 19:00:00
NL13,Heating Tertiary,2010,1677,0.00017984600332175493,2010/03/11 20:00:00
NL13,Heating Tertiary,2010,1678,0.00020900900386039545,2010/03/11 21:00:00
NL13,Heating Tertiary,2010,1679,0.0002438330045035946,2010/03/11 22:00:00
NL13,Heating Tertiary,2010,1680,0.0002771990051198645,2010/03/11 23:00:00
NL13,Heating Tertiary,2010,1681,0.0002481090045825723,2010/03/12 00:00:00
NL13,Heating Tertiary,2010,1682,0.0002610840048222205,2010/03/12 01:00:00
NL13,Heating Tertiary,2010,1683,0.00026777500494580325,2010/03/12 02:00:00
NL13,Heating Tertiary,2010,1684,0.000270683004999514,2010/03/12 03:00:00
NL13,Heating Tertiary,2010,1685,0.0002666670049253385,2010/03/12 04:00:00
NL13,Heating Tertiary,2010,1686,0.00025184000465148387,2010/03/12 05:00:00
NL13,Heating Tertiary,2010,1687,0.0002276820042052857,2010/03/12 06:00:00
NL13,Heating Tertiary,2010,1688,0.00019932100368145813,2010/03/12 07:00:00
NL13,Heating Tertiary,2010,1689,0.00017355600320557863,2010/03/12 08:00:00
NL13,Heating Tertiary,2010,1690,0.00015339700283324207,2010/03/12 09:00:00
NL13,Heating Tertiary,2010,1691,0.00013951400257682307,2010/03/12 10:00:00
NL13,Heating Tertiary,2010,1692,0.00012908600238421795,2010/03/12 11:00:00
NL13,Heating Tertiary,2010,1693,0.000121935002252139,2010/03/12 12:00:00
NL13,Heating Tertiary,2010,1694,0.00011858400219024605,2010/03/12 13:00:00
NL13,Heating Tertiary,2010,1695,0.00011857800219013523,2010/03/12 14:00:00
NL13,Heating Tertiary,2010,1696,0.00011988400221425704,2010/03/12 15:00:00
NL13,Heating Tertiary,2010,1697,0.00012030500222203291,2010/03/12 16:00:00
NL13,Heating Tertiary,2010,1698,0.00012085000223209905,2010/03/12 17:00:00
NL13,Heating Tertiary,2010,1699,0.00012339000227901283,2010/03/12 18:00:00
NL13,Heating Tertiary,2010,1700,0.00013127200242459336,2010/03/12 19:00:00
NL13,Heating Tertiary,2010,1701,0.00014715300271791535,2010/03/12 20:00:00
NL13,Heating Tertiary,2010,1702,0.00017101400315862794,2010/03/12 21:00:00
NL13,Heating Tertiary,2010,1703,0.00019950800368491204,2010/03/12 22:00:00
NL13,Heating Tertiary,2010,1704,0.0002268080041891429,2010/03/12 23:00:00
NL13,Heating Tertiary,2010,1705,0.0002049140037847608,2010/03/13 00:00:00
NL13,Heating Tertiary,2010,1706,0.00021497300397055054,2010/03/13 01:00:00
NL13,Heating Tertiary,2010,1707,0.0002209670040812597,2010/03/13 02:00:00
NL13,Heating Tertiary,2010,1708,0.000224489004146311,2010/03/13 03:00:00
NL13,Heating Tertiary,2010,1709,0.0002221030041022416,2010/03/13 04:00:00
NL13,Heating Tertiary,2010,1710,0.0002108870038950821,2010/03/13 05:00:00
NL13,Heating Tertiary,2010,1711,0.00019194900354529732,2010/03/13 06:00:00
NL13,Heating Tertiary,2010,1712,0.00016918000312475399,2010/03/13 07:00:00
NL13,Heating Tertiary,2010,1713,0.00014692900271377808,2010/03/13 08:00:00
NL13,Heating Tertiary,2010,1714,0.00012889700238072712,2010/03/13 09:00:00
NL13,Heating Tertiary,2010,1715,0.00011602400214296285,2010/03/13 10:00:00
NL13,Heating Tertiary,2010,1716,0.00010660700196903089,2010/03/13 11:00:00
NL13,Heating Tertiary,2010,1717,9.980460184339059e-05,2010/03/13 12:00:00
NL13,Heating Tertiary,2010,1718,9.660560178430507e-05,2010/03/13 13:00:00
NL13,Heating Tertiary,2010,1719,9.682410178834077e-05,2010/03/13 14:00:00
NL13,Heating Tertiary,2010,1720,9.82029018138072e-05,2010/03/13 15:00:00
NL13,Heating Tertiary,2010,1721,9.869430182288335e-05,2010/03/13 16:00:00
NL13,Heating Tertiary,2010,1722,9.856250182044901e-05,2010/03/13 17:00:00
NL13,Heating Tertiary,2010,1723,9.950690183789208e-05,2010/03/13 18:00:00
NL13,Heating Tertiary,2010,1724,0.0001046870019335685,2010/03/13 19:00:00
NL13,Heating Tertiary,2010,1725,0.00011760400217214545,2010/03/13 20:00:00
NL13,Heating Tertiary,2010,1726,0.00013823400255318148,2010/03/13 21:00:00
NL13,Heating Tertiary,2010,1727,0.00016383600302605033,2010/03/13 22:00:00
NL13,Heating Tertiary,2010,1728,0.00018734500346026146,2010/03/13 23:00:00
NL13,Heating Tertiary,2010,1729,0.00020800900384192544,2010/03/14 00:00:00
NL13,Heating Tertiary,2010,1730,0.00022116400408489823,2010/03/14 01:00:00
NL13,Heating Tertiary,2010,1731,0.00022708700419429604,2010/03/14 02:00:00
NL13,Heating Tertiary,2010,1732,0.00022949700423880874,2010/03/14 03:00:00
NL13,Heating Tertiary,2010,1733,0.0002260920041759184,2010/03/14 04:00:00
NL13,Heating Tertiary,2010,1734,0.00021469400396539737,2010/03/14 05:00:00
NL13,Heating Tertiary,2010,1735,0.00019592600361875248,2010/03/14 06:00:00
NL13,Heating Tertiary,2010,1736,0.00017324200319977914,2010/03/14 07:00:00
NL13,Heating Tertiary,2010,1737,0.0001515780027996451,2010/03/14 08:00:00
NL13,Heating Tertiary,2010,1738,0.00013466200248720664,2010/03/14 09:00:00
NL13,Heating Tertiary,2010,1739,0.00012307600227321326,2010/03/14 10:00:00
NL13,Heating Tertiary,2010,1740,0.00011422500210973532,2010/03/14 11:00:00
NL13,Heating Tertiary,2010,1741,0.00010721200198020524,2010/03/14 12:00:00
NL13,Heating Tertiary,2010,1742,0.00010330100190796908,2010/03/14 13:00:00
NL13,Heating Tertiary,2010,1743,0.00010150900187487086,2010/03/14 14:00:00
NL13,Heating Tertiary,2010,1744,0.0001007940018616648,2010/03/14 15:00:00
NL13,Heating Tertiary,2010,1745,9.947350183727517e-05,2010/03/14 16:00:00
NL13,Heating Tertiary,2010,1746,9.889110182651824e-05,2010/03/14 17:00:00
NL13,Heating Tertiary,2010,1747,0.00010032800185305779,2010/03/14 18:00:00
NL13,Heating Tertiary,2010,1748,0.00010610900195983283,2010/03/14 19:00:00
NL13,Heating Tertiary,2010,1749,0.00011863400219116954,2010/03/14 20:00:00
NL13,Heating Tertiary,2010,1750,0.00013770500254341086,2010/03/14 21:00:00
NL13,Heating Tertiary,2010,1751,0.00016188400298999686,2010/03/14 22:00:00
NL13,Heating Tertiary,2010,1752,0.00018717800345717696,2010/03/14 23:00:00
NL13,Heating Tertiary,2010,1753,0.00019453900359313458,2010/03/15 00:00:00
NL13,Heating Tertiary,2010,1754,0.00020471200378102987,2010/03/15 01:00:00
NL13,Heating Tertiary,2010,1755,0.00020995800387792348,2010/03/15 02:00:00
NL13,Heating Tertiary,2010,1756,0.00021223900392005354,2010/03/15 03:00:00
NL13,Heating Tertiary,2010,1757,0.0002090900038618915,2010/03/15 04:00:00
NL13,Heating Tertiary,2010,1758,0.00019746400364715938,2010/03/15 05:00:00
NL13,Heating Tertiary,2010,1759,0.00017852200329730072,2010/03/15 06:00:00
NL13,Heating Tertiary,2010,1760,0.00015628500288658337,2010/03/15 07:00:00
NL13,Heating Tertiary,2010,1761,0.0001360830025134525,2010/03/15 08:00:00
NL13,Heating Tertiary,2010,1762,0.00012027700222151574,2010/03/15 09:00:00
NL13,Heating Tertiary,2010,1763,0.00010939000202043289,2010/03/15 10:00:00
NL13,Heating Tertiary,2010,1764,0.0001012140018694222,2010/03/15 11:00:00
NL13,Heating Tertiary,2010,1765,9.56080017658794e-05,2010/03/15 12:00:00
NL13,Heating Tertiary,2010,1766,9.298030171734579e-05,2010/03/15 13:00:00
NL13,Heating Tertiary,2010,1767,9.297540171725528e-05,2010/03/15 14:00:00
NL13,Heating Tertiary,2010,1768,9.399900173616117e-05,2010/03/15 15:00:00
NL13,Heating Tertiary,2010,1769,9.43295017422655e-05,2010/03/15 16:00:00
NL13,Heating Tertiary,2010,1770,9.475650175015221e-05,2010/03/15 17:00:00
NL13,Heating Tertiary,2010,1771,9.67480017869352e-05,2010/03/15 18:00:00
NL13,Heating Tertiary,2010,1772,0.00010292900190109825,2010/03/15 19:00:00
NL13,Heating Tertiary,2010,1773,0.00011538000213106816,2010/03/15 20:00:00
NL13,Heating Tertiary,2010,1774,0.00013409000247664182,2010/03/15 21:00:00
NL13,Heating Tertiary,2010,1775,0.00015643100288928,2010/03/15 22:00:00
NL13,Heating Tertiary,2010,1776,0.00017783700328464878,2010/03/15 23:00:00
NL13,Heating Tertiary,2010,1777,0.0002113970039045018,2010/03/16 00:00:00
NL13,Heating Tertiary,2010,1778,0.0002224520041086876,2010/03/16 01:00:00
NL13,Heating Tertiary,2010,1779,0.00022815300421398505,2010/03/16 02:00:00
NL13,Heating Tertiary,2010,1780,0.00023063200425977218,2010/03/16 03:00:00
NL13,Heating Tertiary,2010,1781,0.00022720900419654938,2010/03/16 04:00:00
NL13,Heating Tertiary,2010,1782,0.00021457600396321792,2010/03/16 05:00:00
NL13,Heating Tertiary,2010,1783,0.0001939920035830315,2010/03/16 06:00:00
NL13,Heating Tertiary,2010,1784,0.000169829003136741,2010/03/16 07:00:00
NL13,Heating Tertiary,2010,1785,0.00014787600273126917,2010/03/16 08:00:00
NL13,Heating Tertiary,2010,1786,0.0001307000024140285,2010/03/16 09:00:00
NL13,Heating Tertiary,2010,1787,0.00011887000219552846,2010/03/16 10:00:00
NL13,Heating Tertiary,2010,1788,0.00010998600203144102,2010/03/16 11:00:00
NL13,Heating Tertiary,2010,1789,0.00010389300191890333,2010/03/16 12:00:00
NL13,Heating Tertiary,2010,1790,0.00010103800186617147,2010/03/16 13:00:00
NL13,Heating Tertiary,2010,1791,0.00010103200186606066,2010/03/16 14:00:00
NL13,Heating Tertiary,2010,1792,0.00010214500188661777,2010/03/16 15:00:00
NL13,Heating Tertiary,2010,1793,0.0001025040018932485,2010/03/16 16:00:00
NL13,Heating Tertiary,2010,1794,0.00010296800190181858,2010/03/16 17:00:00
NL13,Heating Tertiary,2010,1795,0.00010513200194178766,2010/03/16 18:00:00
NL13,Heating Tertiary,2010,1796,0.00011184800206583214,2010/03/16 19:00:00
NL13,Heating Tertiary,2010,1797,0.00012537900231574968,2010/03/16 20:00:00
NL13,Heating Tertiary,2010,1798,0.00014571000269126316,2010/03/16 21:00:00
NL13,Heating Tertiary,2010,1799,0.00016998700313965924,2010/03/16 22:00:00
NL13,Heating Tertiary,2010,1800,0.00019324800356928983,2010/03/16 23:00:00
NL13,Heating Tertiary,2010,1801,0.0002113970039045018,2010/03/17 00:00:00
NL13,Heating Tertiary,2010,1802,0.0002224520041086876,2010/03/17 01:00:00
NL13,Heating Tertiary,2010,1803,0.00022815300421398505,2010/03/17 02:00:00
NL13,Heating Tertiary,2010,1804,0.00023063200425977218,2010/03/17 03:00:00
NL13,Heating Tertiary,2010,1805,0.00022720900419654938,2010/03/17 04:00:00
NL13,Heating Tertiary,2010,1806,0.00021457600396321792,2010/03/17 05:00:00
NL13,Heating Tertiary,2010,1807,0.0001939920035830315,2010/03/17 06:00:00
NL13,Heating Tertiary,2010,1808,0.000169829003136741,2010/03/17 07:00:00
NL13,Heating Tertiary,2010,1809,0.00014787600273126917,2010/03/17 08:00:00
NL13,Heating Tertiary,2010,1810,0.0001307000024140285,2010/03/17 09:00:00
NL13,Heating Tertiary,2010,1811,0.00011887000219552846,2010/03/17 10:00:00
NL13,Heating Tertiary,2010,1812,0.00010998600203144102,2010/03/17 11:00:00
NL13,Heating Tertiary,2010,1813,0.00010389300191890333,2010/03/17 12:00:00
NL13,Heating Tertiary,2010,1814,0.00010103800186617147,2010/03/17 13:00:00
NL13,Heating Tertiary,2010,1815,0.00010103200186606066,2010/03/17 14:00:00
NL13,Heating Tertiary,2010,1816,0.00010214500188661777,2010/03/17 15:00:00
NL13,Heating Tertiary,2010,1817,0.0001025040018932485,2010/03/17 16:00:00
NL13,Heating Tertiary,2010,1818,0.00010296800190181858,2010/03/17 17:00:00
NL13,Heating Tertiary,2010,1819,0.00010513200194178766,2010/03/17 18:00:00
NL13,Heating Tertiary,2010,1820,0.00011184800206583214,2010/03/17 19:00:00
NL13,Heating Tertiary,2010,1821,0.00012537900231574968,2010/03/17 20:00:00
NL13,Heating Tertiary,2010,1822,0.00014571000269126316,2010/03/17 21:00:00
NL13,Heating Tertiary,2010,1823,0.00016998700313965924,2010/03/17 22:00:00
NL13,Heating Tertiary,2010,1824,0.00019324800356928983,2010/03/17 23:00:00
NL13,Heating Tertiary,2010,1825,0.00016326200301544852,2010/03/18 00:00:00
NL13,Heating Tertiary,2010,1826,0.00017180000317314537,2010/03/18 01:00:00
NL13,Heating Tertiary,2010,1827,0.0001762020032544503,2010/03/18 02:00:00
NL13,Heating Tertiary,2010,1828,0.00017811700328982036,2010/03/18 03:00:00
NL13,Heating Tertiary,2010,1829,0.00017547300324098562,2010/03/18 04:00:00
NL13,Heating Tertiary,2010,1830,0.00016571600306077385,2010/03/18 05:00:00
NL13,Heating Tertiary,2010,1831,0.00014982000276717483,2010/03/18 06:00:00
NL13,Heating Tertiary,2010,1832,0.00013115800242248775,2010/03/18 07:00:00
NL13,Heating Tertiary,2010,1833,0.00011420400210934745,2010/03/18 08:00:00
NL13,Heating Tertiary,2010,1834,0.00010093900186434295,2010/03/18 09:00:00
NL13,Heating Tertiary,2010,1835,9.180320169560477e-05,2010/03/18 10:00:00
NL13,Heating Tertiary,2010,1836,8.494190156887659e-05,2010/03/18 11:00:00
NL13,Heating Tertiary,2010,1837,8.02366014819697e-05,2010/03/18 12:00:00
NL13,Heating Tertiary,2010,1838,7.803160144124337e-05,2010/03/18 13:00:00
NL13,Heating Tertiary,2010,1839,7.802730144116393e-05,2010/03/18 14:00:00
NL13,Heating Tertiary,2010,1840,7.888630145702967e-05,2010/03/18 15:00:00
NL13,Heating Tertiary,2010,1841,7.916350146214954e-05,2010/03/18 16:00:00
NL13,Heating Tertiary,2010,1842,7.952250146878027e-05,2010/03/18 17:00:00
NL13,Heating Tertiary,2010,1843,8.11934014996418e-05,2010/03/18 18:00:00
NL13,Heating Tertiary,2010,1844,8.638010159544012e-05,2010/03/18 19:00:00
NL13,Heating Tertiary,2010,1845,9.683030178845528e-05,2010/03/18 20:00:00
NL13,Heating Tertiary,2010,1846,0.00011253200207846561,2010/03/18 21:00:00
NL13,Heating Tertiary,2010,1847,0.00013128100242475958,2010/03/18 22:00:00
NL13,Heating Tertiary,2010,1848,0.00014924500275655459,2010/03/18 23:00:00
NL13,Heating Tertiary,2010,1849,0.00011612400214480984,2010/03/19 00:00:00
NL13,Heating Tertiary,2010,1850,0.00012219700225697813,2010/03/19 01:00:00
NL13,Heating Tertiary,2010,1851,0.0001253280023148077,2010/03/19 02:00:00
NL13,Heating Tertiary,2010,1852,0.00012669000233996383,2010/03/19 03:00:00
NL13,Heating Tertiary,2010,1853,0.00012481000230524025,2010/03/19 04:00:00
NL13,Heating Tertiary,2010,1854,0.00011787100217707693,2010/03/19 05:00:00
NL13,Heating Tertiary,2010,1855,0.00010656400196823668,2010/03/19 06:00:00
NL13,Heating Tertiary,2010,1856,9.328980172306225e-05,2010/03/19 07:00:00
NL13,Heating Tertiary,2010,1857,8.123120150033997e-05,2010/03/19 08:00:00
NL13,Heating Tertiary,2010,1858,7.179590132607001e-05,2010/03/19 09:00:00
NL13,Heating Tertiary,2010,1859,6.529720120603905e-05,2010/03/19 10:00:00
NL13,Heating Tertiary,2010,1860,6.041710111590361e-05,2010/03/19 11:00:00
NL13,Heating Tertiary,2010,1861,5.707040105409007e-05,2010/03/19 12:00:00
NL13,Heating Tertiary,2010,1862,5.550190102511989e-05,2010/03/19 13:00:00
NL13,Heating Tertiary,2010,1863,5.549890102506448e-05,2010/03/19 14:00:00
NL13,Heating Tertiary,2010,1864,5.6109901036349645e-05,2010/03/19 15:00:00
NL13,Heating Tertiary,2010,1865,5.630740103999747e-05,2010/03/19 16:00:00
NL13,Heating Tertiary,2010,1866,5.656230104470547e-05,2010/03/19 17:00:00
NL13,Heating Tertiary,2010,1867,5.775100106666077e-05,2010/03/19 18:00:00
NL13,Heating Tertiary,2010,1868,6.14403011348021e-05,2010/03/19 19:00:00
NL13,Heating Tertiary,2010,1869,6.887300127208406e-05,2010/03/19 20:00:00
NL13,Heating Tertiary,2010,1870,8.004110147835883e-05,2010/03/19 21:00:00
NL13,Heating Tertiary,2010,1871,9.337700172467284e-05,2010/03/19 22:00:00
NL13,Heating Tertiary,2010,1872,0.00010615500196068246,2010/03/19 23:00:00
NL13,Heating Tertiary,2010,1873,0.00010584500195495676,2010/03/20 00:00:00
NL13,Heating Tertiary,2010,1874,0.00011104100205092685,2010/03/20 01:00:00
NL13,Heating Tertiary,2010,1875,0.00011413800210812843,2010/03/20 02:00:00
NL13,Heating Tertiary,2010,1876,0.0001159560021417069,2010/03/20 03:00:00
NL13,Heating Tertiary,2010,1877,0.00011472400211895186,2010/03/20 04:00:00
NL13,Heating Tertiary,2010,1878,0.00010893000201193671,2010/03/20 05:00:00
NL13,Heating Tertiary,2010,1879,9.914790183126135e-05,2010/03/20 06:00:00
NL13,Heating Tertiary,2010,1880,8.738700161403757e-05,2010/03/20 07:00:00
NL13,Heating Tertiary,2010,1881,7.589400140176187e-05,2010/03/20 08:00:00
NL13,Heating Tertiary,2010,1882,6.657950122972312e-05,2010/03/20 09:00:00
NL13,Heating Tertiary,2010,1883,5.993030110691242e-05,2010/03/20 10:00:00
NL13,Heating Tertiary,2010,1884,5.5065801017065125e-05,2010/03/20 11:00:00
NL13,Heating Tertiary,2010,1885,5.155240095217264e-05,2010/03/20 12:00:00
NL13,Heating Tertiary,2010,1886,4.989990092165097e-05,2010/03/20 13:00:00
NL13,Heating Tertiary,2010,1887,5.001310092374177e-05,2010/03/20 14:00:00
NL13,Heating Tertiary,2010,1888,5.07251009368924e-05,2010/03/20 15:00:00
NL13,Heating Tertiary,2010,1889,5.097900094158194e-05,2010/03/20 16:00:00
NL13,Heating Tertiary,2010,1890,5.091080094032229e-05,2010/03/20 17:00:00
NL13,Heating Tertiary,2010,1891,5.1398500949330105e-05,2010/03/20 18:00:00
NL13,Heating Tertiary,2010,1892,5.407440099875396e-05,2010/03/20 19:00:00
NL13,Heating Tertiary,2010,1893,6.074640112198578e-05,2010/03/20 20:00:00
NL13,Heating Tertiary,2010,1894,7.140230131880021e-05,2010/03/20 21:00:00
NL13,Heating Tertiary,2010,1895,8.462690156305853e-05,2010/03/20 22:00:00
NL13,Heating Tertiary,2010,1896,9.677030178734709e-05,2010/03/20 23:00:00
NL13,Heating Tertiary,2010,1897,9.107790168220847e-05,2010/03/21 00:00:00
NL13,Heating Tertiary,2010,1898,9.683830178860304e-05,2010/03/21 01:00:00
NL13,Heating Tertiary,2010,1899,9.943140183649758e-05,2010/03/21 02:00:00
NL13,Heating Tertiary,2010,1900,0.00010048700185599451,2010/03/21 03:00:00
NL13,Heating Tertiary,2010,1901,9.899570182845021e-05,2010/03/21 04:00:00
NL13,Heating Tertiary,2010,1902,9.40052017362757e-05,2010/03/21 05:00:00
NL13,Heating Tertiary,2010,1903,8.578720158448926e-05,2010/03/21 06:00:00
NL13,Heating Tertiary,2010,1904,7.585570140105449e-05,2010/03/21 07:00:00
NL13,Heating Tertiary,2010,1905,6.636910122583704e-05,2010/03/21 08:00:00
NL13,Heating Tertiary,2010,1906,5.8962601089039005e-05,2010/03/21 09:00:00
NL13,Heating Tertiary,2010,1907,5.3889800995344405e-05,2010/03/21 10:00:00
NL13,Heating Tertiary,2010,1908,5.001410092376024e-05,2010/03/21 11:00:00
NL13,Heating Tertiary,2010,1909,4.694340086704442e-05,2010/03/21 12:00:00
NL13,Heating Tertiary,2010,1910,4.523080083541271e-05,2010/03/21 13:00:00
NL13,Heating Tertiary,2010,1911,4.4446300820922996e-05,2010/03/21 14:00:00
NL13,Heating Tertiary,2010,1912,4.413320081514004e-05,2010/03/21 15:00:00
NL13,Heating Tertiary,2010,1913,4.355500080446069e-05,2010/03/21 16:00:00
NL13,Heating Tertiary,2010,1914,4.330020079975453e-05,2010/03/21 17:00:00
NL13,Heating Tertiary,2010,1915,4.392920081137216e-05,2010/03/21 18:00:00
NL13,Heating Tertiary,2010,1916,4.6460500858125264e-05,2010/03/21 19:00:00
NL13,Heating Tertiary,2010,1917,5.1944700959418415e-05,2010/03/21 20:00:00
NL13,Heating Tertiary,2010,1918,6.029480111364474e-05,2010/03/21 21:00:00
NL13,Heating Tertiary,2010,1919,7.08825013091995e-05,2010/03/21 22:00:00
NL13,Heating Tertiary,2010,1920,8.195710151374733e-05,2010/03/21 23:00:00
NL13,Heating Tertiary,2010,1921,0.0001485110027429976,2010/03/22 00:00:00
NL13,Heating Tertiary,2010,1922,0.00015627700288643566,2010/03/22 01:00:00
NL13,Heating Tertiary,2010,1923,0.00016028200296040794,2010/03/22 02:00:00
NL13,Heating Tertiary,2010,1924,0.0001620230029925642,2010/03/22 03:00:00
NL13,Heating Tertiary,2010,1925,0.00015961900294816233,2010/03/22 04:00:00
NL13,Heating Tertiary,2010,1926,0.00015074300278422264,2010/03/22 05:00:00
NL13,Heating Tertiary,2010,1927,0.0001362830025171465,2010/03/22 06:00:00
NL13,Heating Tertiary,2010,1928,0.00011930800220361833,2010/03/22 07:00:00
NL13,Heating Tertiary,2010,1929,0.00010388500191875557,2010/03/22 08:00:00
NL13,Heating Tertiary,2010,1930,9.181870169589106e-05,2010/03/22 09:00:00
NL13,Heating Tertiary,2010,1931,8.350860154240354e-05,2010/03/22 10:00:00
NL13,Heating Tertiary,2010,1932,7.726730142712675e-05,2010/03/22 11:00:00
NL13,Heating Tertiary,2010,1933,7.298660134806223e-05,2010/03/22 12:00:00
NL13,Heating Tertiary,2010,1934,7.098090131101697e-05,2010/03/22 13:00:00
NL13,Heating Tertiary,2010,1935,7.097720131094862e-05,2010/03/22 14:00:00
NL13,Heating Tertiary,2010,1936,7.175880132538476e-05,2010/03/22 15:00:00
NL13,Heating Tertiary,2010,1937,7.201130133004845e-05,2010/03/22 16:00:00
NL13,Heating Tertiary,2010,1938,7.233680133606042e-05,2010/03/22 17:00:00
NL13,Heating Tertiary,2010,1939,7.38574013641459e-05,2010/03/22 18:00:00
NL13,Heating Tertiary,2010,1940,7.857560145129103e-05,2010/03/22 19:00:00
NL13,Heating Tertiary,2010,1941,8.808140162686313e-05,2010/03/22 20:00:00
NL13,Heating Tertiary,2010,1942,0.0001023640018906627,2010/03/22 21:00:00
NL13,Heating Tertiary,2010,1943,0.00011941900220566849,2010/03/22 22:00:00
NL13,Heating Tertiary,2010,1944,0.00013576100250750517,2010/03/22 23:00:00
NL13,Heating Tertiary,2010,1945,0.00016326200301544852,2010/03/23 00:00:00
NL13,Heating Tertiary,2010,1946,0.00017180000317314537,2010/03/23 01:00:00
NL13,Heating Tertiary,2010,1947,0.0001762020032544503,2010/03/23 02:00:00
NL13,Heating Tertiary,2010,1948,0.00017811700328982036,2010/03/23 03:00:00
NL13,Heating Tertiary,2010,1949,0.00017547300324098562,2010/03/23 04:00:00
NL13,Heating Tertiary,2010,1950,0.00016571600306077385,2010/03/23 05:00:00
NL13,Heating Tertiary,2010,1951,0.00014982000276717483,2010/03/23 06:00:00
NL13,Heating Tertiary,2010,1952,0.00013115800242248775,2010/03/23 07:00:00
NL13,Heating Tertiary,2010,1953,0.00011420400210934745,2010/03/23 08:00:00
NL13,Heating Tertiary,2010,1954,0.00010093900186434295,2010/03/23 09:00:00
NL13,Heating Tertiary,2010,1955,9.180320169560477e-05,2010/03/23 10:00:00
NL13,Heating Tertiary,2010,1956,8.494190156887659e-05,2010/03/23 11:00:00
NL13,Heating Tertiary,2010,1957,8.02366014819697e-05,2010/03/23 12:00:00
NL13,Heating Tertiary,2010,1958,7.803160144124337e-05,2010/03/23 13:00:00
NL13,Heating Tertiary,2010,1959,7.802730144116393e-05,2010/03/23 14:00:00
NL13,Heating Tertiary,2010,1960,7.888630145702967e-05,2010/03/23 15:00:00
NL13,Heating Tertiary,2010,1961,7.916350146214954e-05,2010/03/23 16:00:00
NL13,Heating Tertiary,2010,1962,7.952250146878027e-05,2010/03/23 17:00:00
NL13,Heating Tertiary,2010,1963,8.11934014996418e-05,2010/03/23 18:00:00
NL13,Heating Tertiary,2010,1964,8.638010159544012e-05,2010/03/23 19:00:00
NL13,Heating Tertiary,2010,1965,9.683030178845528e-05,2010/03/23 20:00:00
NL13,Heating Tertiary,2010,1966,0.00011253200207846561,2010/03/23 21:00:00
NL13,Heating Tertiary,2010,1967,0.00013128100242475958,2010/03/23 22:00:00
NL13,Heating Tertiary,2010,1968,0.00014924500275655459,2010/03/23 23:00:00
NL13,Heating Tertiary,2010,1969,0.00013209600243981262,2010/03/24 00:00:00
NL13,Heating Tertiary,2010,1970,0.00013900400256740335,2010/03/24 01:00:00
NL13,Heating Tertiary,2010,1971,0.0001425660026331935,2010/03/24 02:00:00
NL13,Heating Tertiary,2010,1972,0.00014411500266180353,2010/03/24 03:00:00
NL13,Heating Tertiary,2010,1973,0.0001419760026222962,2010/03/24 04:00:00
NL13,Heating Tertiary,2010,1974,0.00013408200247649405,2010/03/24 05:00:00
NL13,Heating Tertiary,2010,1975,0.00012122000223893295,2010/03/24 06:00:00
NL13,Heating Tertiary,2010,1976,0.00010612100196005447,2010/03/24 07:00:00
NL13,Heating Tertiary,2010,1977,9.240290170668122e-05,2010/03/24 08:00:00
NL13,Heating Tertiary,2010,1978,8.166990150844275e-05,2010/03/24 09:00:00
NL13,Heating Tertiary,2010,1979,7.427820137191808e-05,2010/03/24 10:00:00
NL13,Heating Tertiary,2010,1980,6.872700126938744e-05,2010/03/24 11:00:00
NL13,Heating Tertiary,2010,1981,6.491970119906662e-05,2010/03/24 12:00:00
NL13,Heating Tertiary,2010,1982,6.313550116611245e-05,2010/03/24 13:00:00
NL13,Heating Tertiary,2010,1983,6.313180116604411e-05,2010/03/24 14:00:00
NL13,Heating Tertiary,2010,1984,6.382680117888076e-05,2010/03/24 15:00:00
NL13,Heating Tertiary,2010,1985,6.405140118302913e-05,2010/03/24 16:00:00
NL13,Heating Tertiary,2010,1986,6.434170118839096e-05,2010/03/24 17:00:00
NL13,Heating Tertiary,2010,1987,6.569390121336608e-05,2010/03/24 18:00:00
NL13,Heating Tertiary,2010,1988,6.989040129087543e-05,2010/03/24 19:00:00
NL13,Heating Tertiary,2010,1989,7.834540144703925e-05,2010/03/24 20:00:00
NL13,Heating Tertiary,2010,1990,9.104950168168392e-05,2010/03/24 21:00:00
NL13,Heating Tertiary,2010,1991,0.000106220001961883,2010/03/24 22:00:00
NL13,Heating Tertiary,2010,1992,0.0001207550022303444,2010/03/24 23:00:00
NL13,Heating Tertiary,2010,1993,8.518010157327612e-05,2010/03/25 00:00:00
NL13,Heating Tertiary,2010,1994,8.963470165555256e-05,2010/03/25 01:00:00
NL13,Heating Tertiary,2010,1995,9.19320016979837e-05,2010/03/25 02:00:00
NL13,Heating Tertiary,2010,1996,9.293020171642044e-05,2010/03/25 03:00:00
NL13,Heating Tertiary,2010,1997,9.155140169095402e-05,2010/03/25 04:00:00
NL13,Heating Tertiary,2010,1998,8.646060159692696e-05,2010/03/25 05:00:00
NL13,Heating Tertiary,2010,1999,7.816710144374605e-05,2010/03/25 06:00:00
NL13,Heating Tertiary,2010,2000,6.843050126391107e-05,2010/03/25 07:00:00
NL13,Heating Tertiary,2010,2001,5.9584801100531036e-05,2010/03/25 08:00:00
NL13,Heating Tertiary,2010,2002,5.266390097270204e-05,2010/03/25 09:00:00
NL13,Heating Tertiary,2010,2003,4.7897300884662955e-05,2010/03/25 10:00:00
NL13,Heating Tertiary,2010,2004,4.431740081854221e-05,2010/03/25 11:00:00
NL13,Heating Tertiary,2010,2005,4.186250077320022e-05,2010/03/25 12:00:00
NL13,Heating Tertiary,2010,2006,4.071200075195049e-05,2010/03/25 13:00:00
NL13,Heating Tertiary,2010,2007,4.0709800751909854e-05,2010/03/25 14:00:00
NL13,Heating Tertiary,2010,2008,4.115800076018811e-05,2010/03/25 15:00:00
NL13,Heating Tertiary,2010,2009,4.130280076286256e-05,2010/03/25 16:00:00
NL13,Heating Tertiary,2010,2010,4.148980076631645e-05,2010/03/25 17:00:00
NL13,Heating Tertiary,2010,2011,4.236180078242229e-05,2010/03/25 18:00:00
NL13,Heating Tertiary,2010,2012,4.5067900832403946e-05,2010/03/25 19:00:00
NL13,Heating Tertiary,2010,2013,5.052000093310422e-05,2010/03/25 20:00:00
NL13,Heating Tertiary,2010,2014,5.871220108441412e-05,2010/03/25 21:00:00
NL13,Heating Tertiary,2010,2015,6.849430126508947e-05,2010/03/25 22:00:00
NL13,Heating Tertiary,2010,2016,7.78670014382032e-05,2010/03/25 23:00:00
NL13,Heating Tertiary,2010,2017,5.4568501007879995e-05,2010/03/26 00:00:00
NL13,Heating Tertiary,2010,2018,5.742210106058597e-05,2010/03/26 01:00:00
NL13,Heating Tertiary,2010,2019,5.889370108776642e-05,2010/03/26 02:00:00
NL13,Heating Tertiary,2010,2020,5.953350109958352e-05,2010/03/26 03:00:00
NL13,Heating Tertiary,2010,2021,5.865010108326713e-05,2010/03/26 04:00:00
NL13,Heating Tertiary,2010,2022,5.5389001023034624e-05,2010/03/26 05:00:00
NL13,Heating Tertiary,2010,2023,5.007570092489799e-05,2010/03/26 06:00:00
NL13,Heating Tertiary,2010,2024,4.383830080969323e-05,2010/03/26 07:00:00
NL13,Heating Tertiary,2010,2025,3.8171500705027466e-05,2010/03/26 08:00:00
NL13,Heating Tertiary,2010,2026,3.373780062313704e-05,2010/03/26 09:00:00
NL13,Heating Tertiary,2010,2027,3.068420056673706e-05,2010/03/26 10:00:00
NL13,Heating Tertiary,2010,2028,2.8390900524379815e-05,2010/03/26 11:00:00
NL13,Heating Tertiary,2010,2029,2.6818200495332054e-05,2010/03/26 12:00:00
NL13,Heating Tertiary,2010,2030,2.608110048171782e-05,2010/03/26 13:00:00
NL13,Heating Tertiary,2010,2031,2.607970048169196e-05,2010/03/26 14:00:00
NL13,Heating Tertiary,2010,2032,2.6366900486996545e-05,2010/03/26 15:00:00
NL13,Heating Tertiary,2010,2033,2.6459600488708713e-05,2010/03/26 16:00:00
NL13,Heating Tertiary,2010,2034,2.657940049092142e-05,2010/03/26 17:00:00
NL13,Heating Tertiary,2010,2035,2.713800050123876e-05,2010/03/26 18:00:00
NL13,Heating Tertiary,2010,2036,2.8871700533260193e-05,2010/03/26 19:00:00
NL13,Heating Tertiary,2010,2037,3.236440059777035e-05,2010/03/26 20:00:00
NL13,Heating Tertiary,2010,2038,3.761250069470273e-05,2010/03/26 21:00:00
NL13,Heating Tertiary,2010,2039,4.387920081044866e-05,2010/03/26 22:00:00
NL13,Heating Tertiary,2010,2040,4.988370092135175e-05,2010/03/26 23:00:00
NL13,Heating Tertiary,2010,2041,0.000122318002259213,2010/03/27 00:00:00
NL13,Heating Tertiary,2010,2042,0.00012832200237010687,2010/03/27 01:00:00
NL13,Heating Tertiary,2010,2043,0.0001319000024361925,2010/03/27 02:00:00
NL13,Heating Tertiary,2010,2044,0.00013400200247501646,2010/03/27 03:00:00
NL13,Heating Tertiary,2010,2045,0.00013257800244871517,2010/03/27 04:00:00
NL13,Heating Tertiary,2010,2046,0.00012588200232504007,2010/03/27 05:00:00
NL13,Heating Tertiary,2010,2047,0.00011457800211625524,2010/03/27 06:00:00
NL13,Heating Tertiary,2010,2048,0.00010098700186522952,2010/03/27 07:00:00
NL13,Heating Tertiary,2010,2049,8.770510161991287e-05,2010/03/27 08:00:00
NL13,Heating Tertiary,2010,2050,7.694180142111475e-05,2010/03/27 09:00:00
NL13,Heating Tertiary,2010,2051,6.925730127918207e-05,2010/03/27 10:00:00
NL13,Heating Tertiary,2010,2052,6.363550117534745e-05,2010/03/27 11:00:00
NL13,Heating Tertiary,2010,2053,5.957540110035742e-05,2010/03/27 12:00:00
NL13,Heating Tertiary,2010,2054,5.766580106508711e-05,2010/03/27 13:00:00
NL13,Heating Tertiary,2010,2055,5.7796501067501144e-05,2010/03/27 14:00:00
NL13,Heating Tertiary,2010,2056,5.86194010827001e-05,2010/03/27 15:00:00
NL13,Heating Tertiary,2010,2057,5.8912801088119194e-05,2010/03/27 16:00:00
NL13,Heating Tertiary,2010,2058,5.8834001086663765e-05,2010/03/27 17:00:00
NL13,Heating Tertiary,2010,2059,5.93977010970753e-05,2010/03/27 18:00:00
NL13,Heating Tertiary,2010,2060,6.249000115419007e-05,2010/03/27 19:00:00
NL13,Heating Tertiary,2010,2061,7.020050129660298e-05,2010/03/27 20:00:00
NL13,Heating Tertiary,2010,2062,8.25147015240462e-05,2010/03/27 21:00:00
NL13,Heating Tertiary,2010,2063,9.779700180631023e-05,2010/03/27 22:00:00
NL13,Heating Tertiary,2010,2064,0.00011183000206549969,2010/03/27 23:00:00
NL13,Heating Tertiary,2010,2065,0.00015879400293292454,2010/03/28 00:00:00
NL13,Heating Tertiary,2010,2066,0.00016883600311840024,2010/03/28 01:00:00
NL13,Heating Tertiary,2010,2067,0.00017335700320190314,2010/03/28 02:00:00
NL13,Heating Tertiary,2010,2068,0.00017519700323588794,2010/03/28 03:00:00
NL13,Heating Tertiary,2010,2069,0.00017259800318788438,2010/03/28 04:00:00
NL13,Heating Tertiary,2010,2070,0.00016389700302717704,2010/03/28 05:00:00
NL13,Heating Tertiary,2010,2071,0.00014956900276253887,2010/03/28 06:00:00
NL13,Heating Tertiary,2010,2072,0.0001322530024427124,2010/03/28 07:00:00
NL13,Heating Tertiary,2010,2073,0.00011571400213723715,2010/03/28 08:00:00
NL13,Heating Tertiary,2010,2074,0.00010280000189871562,2010/03/28 09:00:00
NL13,Heating Tertiary,2010,2075,9.395630173537251e-05,2010/03/28 10:00:00
NL13,Heating Tertiary,2010,2076,8.719890161056335e-05,2010/03/28 11:00:00
NL13,Heating Tertiary,2010,2077,8.184510151167869e-05,2010/03/28 12:00:00
NL13,Heating Tertiary,2010,2078,7.885970145653837e-05,2010/03/28 13:00:00
NL13,Heating Tertiary,2010,2079,7.749200143127695e-05,2010/03/28 14:00:00
NL13,Heating Tertiary,2010,2080,7.694550142118309e-05,2010/03/28 15:00:00
NL13,Heating Tertiary,2010,2081,7.593740140256349e-05,2010/03/28 16:00:00
NL13,Heating Tertiary,2010,2082,7.54936013943665e-05,2010/03/28 17:00:00
NL13,Heating Tertiary,2010,2083,7.659030141462256e-05,2010/03/28 18:00:00
NL13,Heating Tertiary,2010,2084,8.10034014961325e-05,2010/03/28 19:00:00
NL13,Heating Tertiary,2010,2085,9.056490167273335e-05,2010/03/28 20:00:00
NL13,Heating Tertiary,2010,2086,0.00010512300194162143,2010/03/28 21:00:00
NL13,Heating Tertiary,2010,2087,0.00012358300228257755,2010/03/28 22:00:00
NL13,Heating Tertiary,2010,2088,0.00014289100263919623,2010/03/28 23:00:00
NL13,Heating Tertiary,2010,2089,0.0001485110027429976,2010/03/29 00:00:00
NL13,Heating Tertiary,2010,2090,0.00015627700288643566,2010/03/29 01:00:00
NL13,Heating Tertiary,2010,2091,0.00016028200296040794,2010/03/29 02:00:00
NL13,Heating Tertiary,2010,2092,0.0001620230029925642,2010/03/29 03:00:00
NL13,Heating Tertiary,2010,2093,0.00015961900294816233,2010/03/29 04:00:00
NL13,Heating Tertiary,2010,2094,0.00015074300278422264,2010/03/29 05:00:00
NL13,Heating Tertiary,2010,2095,0.0001362830025171465,2010/03/29 06:00:00
NL13,Heating Tertiary,2010,2096,0.00011930800220361833,2010/03/29 07:00:00
NL13,Heating Tertiary,2010,2097,0.00010388500191875557,2010/03/29 08:00:00
NL13,Heating Tertiary,2010,2098,9.181870169589106e-05,2010/03/29 09:00:00
NL13,Heating Tertiary,2010,2099,8.350860154240354e-05,2010/03/29 10:00:00
NL13,Heating Tertiary,2010,2100,7.726730142712675e-05,2010/03/29 11:00:00
NL13,Heating Tertiary,2010,2101,7.298660134806223e-05,2010/03/29 12:00:00
NL13,Heating Tertiary,2010,2102,7.098090131101697e-05,2010/03/29 13:00:00
NL13,Heating Tertiary,2010,2103,7.097720131094862e-05,2010/03/29 14:00:00
NL13,Heating Tertiary,2010,2104,7.175880132538476e-05,2010/03/29 15:00:00
NL13,Heating Tertiary,2010,2105,7.201130133004845e-05,2010/03/29 16:00:00
NL13,Heating Tertiary,2010,2106,7.233680133606042e-05,2010/03/29 17:00:00
NL13,Heating Tertiary,2010,2107,7.38574013641459e-05,2010/03/29 18:00:00
NL13,Heating Tertiary,2010,2108,7.857560145129103e-05,2010/03/29 19:00:00
NL13,Heating Tertiary,2010,2109,8.808140162686313e-05,2010/03/29 20:00:00
NL13,Heating Tertiary,2010,2110,0.0001023640018906627,2010/03/29 21:00:00
NL13,Heating Tertiary,2010,2111,0.00011941900220566849,2010/03/29 22:00:00
NL13,Heating Tertiary,2010,2112,0.00013576100250750517,2010/03/29 23:00:00
NL13,Heating Tertiary,2010,2113,0.00013209600243981262,2010/03/30 00:00:00
NL13,Heating Tertiary,2010,2114,0.00013900400256740335,2010/03/30 01:00:00
NL13,Heating Tertiary,2010,2115,0.0001425660026331935,2010/03/30 02:00:00
NL13,Heating Tertiary,2010,2116,0.00014411500266180353,2010/03/30 03:00:00
NL13,Heating Tertiary,2010,2117,0.0001419760026222962,2010/03/30 04:00:00
NL13,Heating Tertiary,2010,2118,0.00013408200247649405,2010/03/30 05:00:00
NL13,Heating Tertiary,2010,2119,0.00012122000223893295,2010/03/30 06:00:00
NL13,Heating Tertiary,2010,2120,0.00010612100196005447,2010/03/30 07:00:00
NL13,Heating Tertiary,2010,2121,9.240290170668122e-05,2010/03/30 08:00:00
NL13,Heating Tertiary,2010,2122,8.166990150844275e-05,2010/03/30 09:00:00
NL13,Heating Tertiary,2010,2123,7.427820137191808e-05,2010/03/30 10:00:00
NL13,Heating Tertiary,2010,2124,6.872700126938744e-05,2010/03/30 11:00:00
NL13,Heating Tertiary,2010,2125,6.491970119906662e-05,2010/03/30 12:00:00
NL13,Heating Tertiary,2010,2126,6.313550116611245e-05,2010/03/30 13:00:00
NL13,Heating Tertiary,2010,2127,6.313180116604411e-05,2010/03/30 14:00:00
NL13,Heating Tertiary,2010,2128,6.382680117888076e-05,2010/03/30 15:00:00
NL13,Heating Tertiary,2010,2129,6.405140118302913e-05,2010/03/30 16:00:00
NL13,Heating Tertiary,2010,2130,6.434170118839096e-05,2010/03/30 17:00:00
NL13,Heating Tertiary,2010,2131,6.569390121336608e-05,2010/03/30 18:00:00
NL13,Heating Tertiary,2010,2132,6.989040129087543e-05,2010/03/30 19:00:00
NL13,Heating Tertiary,2010,2133,7.834540144703925e-05,2010/03/30 20:00:00
NL13,Heating Tertiary,2010,2134,9.104950168168392e-05,2010/03/30 21:00:00
NL13,Heating Tertiary,2010,2135,0.000106220001961883,2010/03/30 22:00:00
NL13,Heating Tertiary,2010,2136,0.0001207550022303444,2010/03/30 23:00:00
NL13,Heating Tertiary,2010,2137,0.00010048600185597605,2010/03/31 00:00:00
NL13,Heating Tertiary,2010,2138,0.00010574100195303588,2010/03/31 01:00:00
NL13,Heating Tertiary,2010,2139,0.00010845100200308956,2010/03/31 02:00:00
NL13,Heating Tertiary,2010,2140,0.00010962800202482875,2010/03/31 03:00:00
NL13,Heating Tertiary,2010,2141,0.00010800200199479653,2010/03/31 04:00:00
NL13,Heating Tertiary,2010,2142,0.00010199700188388421,2010/03/31 05:00:00
NL13,Heating Tertiary,2010,2143,9.221230170316083e-05,2010/03/31 06:00:00
NL13,Heating Tertiary,2010,2144,8.07268014910237e-05,2010/03/31 07:00:00
NL13,Heating Tertiary,2010,2145,7.029150129828375e-05,2010/03/31 08:00:00
NL13,Heating Tertiary,2010,2146,6.212670114747991e-05,2010/03/31 09:00:00
NL13,Heating Tertiary,2010,2147,5.650390104362683e-05,2010/03/31 10:00:00
NL13,Heating Tertiary,2010,2148,5.228080096562618e-05,2010/03/31 11:00:00
NL13,Heating Tertiary,2010,2149,4.938470091213523e-05,2010/03/31 12:00:00
NL13,Heating Tertiary,2010,2150,4.80274008870659e-05,2010/03/31 13:00:00
NL13,Heating Tertiary,2010,2151,4.802490088701973e-05,2010/03/31 14:00:00
NL13,Heating Tertiary,2010,2152,4.855360089678481e-05,2010/03/31 15:00:00
NL13,Heating Tertiary,2010,2153,4.872440089993949e-05,2010/03/31 16:00:00
NL13,Heating Tertiary,2010,2154,4.8945000904013965e-05,2010/03/31 17:00:00
NL13,Heating Tertiary,2010,2155,4.99736009230122e-05,2010/03/31 18:00:00
NL13,Heating Tertiary,2010,2156,5.316610098197767e-05,2010/03/31 19:00:00
NL13,Heating Tertiary,2010,2157,5.959790110077299e-05,2010/03/31 20:00:00
NL13,Heating Tertiary,2010,2158,6.926230127927443e-05,2010/03/31 21:00:00
NL13,Heating Tertiary,2010,2159,8.080170149240709e-05,2010/03/31 22:00:00
NL13,Heating Tertiary,2010,2160,9.185890169663355e-05,2010/03/31 23:00:00
NL13,Heating Tertiary,2010,2161,0.00016326200301544852,2010/04/01 00:00:00
NL13,Heating Tertiary,2010,2162,0.00017180000317314537,2010/04/01 01:00:00
NL13,Heating Tertiary,2010,2163,0.0001762020032544503,2010/04/01 02:00:00
NL13,Heating Tertiary,2010,2164,0.00017811700328982036,2010/04/01 03:00:00
NL13,Heating Tertiary,2010,2165,0.00017547300324098562,2010/04/01 04:00:00
NL13,Heating Tertiary,2010,2166,0.00016571600306077385,2010/04/01 05:00:00
NL13,Heating Tertiary,2010,2167,0.00014982000276717483,2010/04/01 06:00:00
NL13,Heating Tertiary,2010,2168,0.00013115800242248775,2010/04/01 07:00:00
NL13,Heating Tertiary,2010,2169,0.00011420400210934745,2010/04/01 08:00:00
NL13,Heating Tertiary,2010,2170,0.00010093900186434295,2010/04/01 09:00:00
NL13,Heating Tertiary,2010,2171,9.180320169560477e-05,2010/04/01 10:00:00
NL13,Heating Tertiary,2010,2172,8.494190156887659e-05,2010/04/01 11:00:00
NL13,Heating Tertiary,2010,2173,8.02366014819697e-05,2010/04/01 12:00:00
NL13,Heating Tertiary,2010,2174,7.803160144124337e-05,2010/04/01 13:00:00
NL13,Heating Tertiary,2010,2175,7.802730144116393e-05,2010/04/01 14:00:00
NL13,Heating Tertiary,2010,2176,7.888630145702967e-05,2010/04/01 15:00:00
NL13,Heating Tertiary,2010,2177,7.916350146214954e-05,2010/04/01 16:00:00
NL13,Heating Tertiary,2010,2178,7.952250146878027e-05,2010/04/01 17:00:00
NL13,Heating Tertiary,2010,2179,8.11934014996418e-05,2010/04/01 18:00:00
NL13,Heating Tertiary,2010,2180,8.638010159544012e-05,2010/04/01 19:00:00
NL13,Heating Tertiary,2010,2181,9.683030178845528e-05,2010/04/01 20:00:00
NL13,Heating Tertiary,2010,2182,0.00011253200207846561,2010/04/01 21:00:00
NL13,Heating Tertiary,2010,2183,0.00013128100242475958,2010/04/01 22:00:00
NL13,Heating Tertiary,2010,2184,0.00014924500275655459,2010/04/01 23:00:00
NL13,Heating Tertiary,2010,2185,0.00020800900384192544,2010/04/02 00:00:00
NL13,Heating Tertiary,2010,2186,0.00022116400408489823,2010/04/02 01:00:00
NL13,Heating Tertiary,2010,2187,0.00022708700419429604,2010/04/02 02:00:00
NL13,Heating Tertiary,2010,2188,0.00022949700423880874,2010/04/02 03:00:00
NL13,Heating Tertiary,2010,2189,0.0002260920041759184,2010/04/02 04:00:00
NL13,Heating Tertiary,2010,2190,0.00021469400396539737,2010/04/02 05:00:00
NL13,Heating Tertiary,2010,2191,0.00019592600361875248,2010/04/02 06:00:00
NL13,Heating Tertiary,2010,2192,0.00017324200319977914,2010/04/02 07:00:00
NL13,Heating Tertiary,2010,2193,0.0001515780027996451,2010/04/02 08:00:00
NL13,Heating Tertiary,2010,2194,0.00013466200248720664,2010/04/02 09:00:00
NL13,Heating Tertiary,2010,2195,0.00012307600227321326,2010/04/02 10:00:00
NL13,Heating Tertiary,2010,2196,0.00011422500210973532,2010/04/02 11:00:00
NL13,Heating Tertiary,2010,2197,0.00010721200198020524,2010/04/02 12:00:00
NL13,Heating Tertiary,2010,2198,0.00010330100190796908,2010/04/02 13:00:00
NL13,Heating Tertiary,2010,2199,0.00010150900187487086,2010/04/02 14:00:00
NL13,Heating Tertiary,2010,2200,0.0001007940018616648,2010/04/02 15:00:00
NL13,Heating Tertiary,2010,2201,9.947350183727517e-05,2010/04/02 16:00:00
NL13,Heating Tertiary,2010,2202,9.889110182651824e-05,2010/04/02 17:00:00
NL13,Heating Tertiary,2010,2203,0.00010032800185305779,2010/04/02 18:00:00
NL13,Heating Tertiary,2010,2204,0.00010610900195983283,2010/04/02 19:00:00
NL13,Heating Tertiary,2010,2205,0.00011863400219116954,2010/04/02 20:00:00
NL13,Heating Tertiary,2010,2206,0.00013770500254341086,2010/04/02 21:00:00
NL13,Heating Tertiary,2010,2207,0.00016188400298999686,2010/04/02 22:00:00
NL13,Heating Tertiary,2010,2208,0.00018717800345717696,2010/04/02 23:00:00
NL13,Heating Tertiary,2010,2209,0.00015643100288928,2010/04/03 00:00:00
NL13,Heating Tertiary,2010,2210,0.00016411000303111111,2010/04/03 01:00:00
NL13,Heating Tertiary,2010,2211,0.00016868600311562975,2010/04/03 02:00:00
NL13,Heating Tertiary,2010,2212,0.0001713750031652956,2010/04/03 03:00:00
NL13,Heating Tertiary,2010,2213,0.00016955300313164327,2010/04/03 04:00:00
NL13,Heating Tertiary,2010,2214,0.0001609900029734847,2010/04/03 05:00:00
NL13,Heating Tertiary,2010,2215,0.00014653300270646395,2010/04/03 06:00:00
NL13,Heating Tertiary,2010,2216,0.00012915200238543698,2010/04/03 07:00:00
NL13,Heating Tertiary,2010,2217,0.0001121660020717056,2010/04/03 08:00:00
NL13,Heating Tertiary,2010,2218,9.839970181744208e-05,2010/04/03 09:00:00
NL13,Heating Tertiary,2010,2219,8.857280163593929e-05,2010/04/03 10:00:00
NL13,Heating Tertiary,2010,2220,8.13834015031511e-05,2010/04/03 11:00:00
NL13,Heating Tertiary,2010,2221,7.619050140723825e-05,2010/04/03 12:00:00
NL13,Heating Tertiary,2010,2222,7.374840136213268e-05,2010/04/03 13:00:00
NL13,Heating Tertiary,2010,2223,7.391550136521901e-05,2010/04/03 14:00:00
NL13,Heating Tertiary,2010,2224,7.49676013846513e-05,2010/04/03 15:00:00
NL13,Heating Tertiary,2010,2225,7.534330139159046e-05,2010/04/03 16:00:00
NL13,Heating Tertiary,2010,2226,7.524240138972686e-05,2010/04/03 17:00:00
NL13,Heating Tertiary,2010,2227,7.59634014030437e-05,2010/04/03 18:00:00
NL13,Heating Tertiary,2010,2228,7.991790147608332e-05,2010/04/03 19:00:00
NL13,Heating Tertiary,2010,2229,8.977830165820486e-05,2010/04/03 20:00:00
NL13,Heating Tertiary,2010,2230,0.00010552800194910178,2010/04/03 21:00:00
NL13,Heating Tertiary,2010,2231,0.00012507200231007937,2010/04/03 22:00:00
NL13,Heating Tertiary,2010,2232,0.0001430190026415604,2010/04/03 23:00:00
NL13,Heating Tertiary,2010,2233,0.00015879400293292454,2010/04/04 00:00:00
NL13,Heating Tertiary,2010,2234,0.00016883600311840024,2010/04/04 01:00:00
NL13,Heating Tertiary,2010,2235,0.00017335700320190314,2010/04/04 02:00:00
NL13,Heating Tertiary,2010,2236,0.00017519700323588794,2010/04/04 03:00:00
NL13,Heating Tertiary,2010,2237,0.00017259800318788438,2010/04/04 04:00:00
NL13,Heating Tertiary,2010,2238,0.00016389700302717704,2010/04/04 05:00:00
NL13,Heating Tertiary,2010,2239,0.00014956900276253887,2010/04/04 06:00:00
NL13,Heating Tertiary,2010,2240,0.0001322530024427124,2010/04/04 07:00:00
NL13,Heating Tertiary,2010,2241,0.00011571400213723715,2010/04/04 08:00:00
NL13,Heating Tertiary,2010,2242,0.00010280000189871562,2010/04/04 09:00:00
NL13,Heating Tertiary,2010,2243,9.395630173537251e-05,2010/04/04 10:00:00
NL13,Heating Tertiary,2010,2244,8.719890161056335e-05,2010/04/04 11:00:00
NL13,Heating Tertiary,2010,2245,8.184510151167869e-05,2010/04/04 12:00:00
NL13,Heating Tertiary,2010,2246,7.885970145653837e-05,2010/04/04 13:00:00
NL13,Heating Tertiary,2010,2247,7.749200143127695e-05,2010/04/04 14:00:00
NL13,Heating Tertiary,2010,2248,7.694550142118309e-05,2010/04/04 15:00:00
NL13,Heating Tertiary,2010,2249,7.593740140256349e-05,2010/04/04 16:00:00
NL13,Heating Tertiary,2010,2250,7.54936013943665e-05,2010/04/04 17:00:00
NL13,Heating Tertiary,2010,2251,7.659030141462256e-05,2010/04/04 18:00:00
NL13,Heating Tertiary,2010,2252,8.10034014961325e-05,2010/04/04 19:00:00
NL13,Heating Tertiary,2010,2253,9.056490167273335e-05,2010/04/04 20:00:00
NL13,Heating Tertiary,2010,2254,0.00010512300194162143,2010/04/04 21:00:00
NL13,Heating Tertiary,2010,2255,0.00012358300228257755,2010/04/04 22:00:00
NL13,Heating Tertiary,2010,2256,0.00014289100263919623,2010/04/04 23:00:00
NL13,Heating Tertiary,2010,2257,0.00017456700322425185,2010/04/05 00:00:00
NL13,Heating Tertiary,2010,2258,0.00018560600342814213,2010/04/05 01:00:00
NL13,Heating Tertiary,2010,2259,0.00019057700351995648,2010/04/05 02:00:00
NL13,Heating Tertiary,2010,2260,0.0001925990035573028,2010/04/05 03:00:00
NL13,Heating Tertiary,2010,2261,0.00018974200350453403,2010/04/05 04:00:00
NL13,Heating Tertiary,2010,2262,0.00018017600332785003,2010/04/05 05:00:00
NL13,Heating Tertiary,2010,2263,0.0001644260030369476,2010/04/05 06:00:00
NL13,Heating Tertiary,2010,2264,0.00014539000268535274,2010/04/05 07:00:00
NL13,Heating Tertiary,2010,2265,0.0001272070023495128,2010/04/05 08:00:00
NL13,Heating Tertiary,2010,2266,0.00011301200208733122,2010/04/05 09:00:00
NL13,Heating Tertiary,2010,2267,0.00010328900190774744,2010/04/05 10:00:00
NL13,Heating Tertiary,2010,2268,9.586050177054308e-05,2010/04/05 11:00:00
NL13,Heating Tertiary,2010,2269,8.997510166183976e-05,2010/04/05 12:00:00
NL13,Heating Tertiary,2010,2270,8.669260160121199e-05,2010/04/05 13:00:00
NL13,Heating Tertiary,2010,2271,8.518880157343682e-05,2010/04/05 14:00:00
NL13,Heating Tertiary,2010,2272,8.458850156234928e-05,2010/04/05 15:00:00
NL13,Heating Tertiary,2010,2273,8.348010154187713e-05,2010/04/05 16:00:00
NL13,Heating Tertiary,2010,2274,8.299180153285824e-05,2010/04/05 17:00:00
NL13,Heating Tertiary,2010,2275,8.419800155513674e-05,2010/04/05 18:00:00
NL13,Heating Tertiary,2010,2276,8.904930164474024e-05,2010/04/05 19:00:00
NL13,Heating Tertiary,2010,2277,9.956070183888576e-05,2010/04/05 20:00:00
NL13,Heating Tertiary,2010,2278,0.00011556500213448512,2010/04/05 21:00:00
NL13,Heating Tertiary,2010,2279,0.0001358570025092783,2010/04/05 22:00:00
NL13,Heating Tertiary,2010,2280,0.00015708400290134089,2010/04/05 23:00:00
NL13,Heating Tertiary,2010,2281,0.0001485110027429976,2010/04/06 00:00:00
NL13,Heating Tertiary,2010,2282,0.00015627700288643566,2010/04/06 01:00:00
NL13,Heating Tertiary,2010,2283,0.00016028200296040794,2010/04/06 02:00:00
NL13,Heating Tertiary,2010,2284,0.0001620230029925642,2010/04/06 03:00:00
NL13,Heating Tertiary,2010,2285,0.00015961900294816233,2010/04/06 04:00:00
NL13,Heating Tertiary,2010,2286,0.00015074300278422264,2010/04/06 05:00:00
NL13,Heating Tertiary,2010,2287,0.0001362830025171465,2010/04/06 06:00:00
NL13,Heating Tertiary,2010,2288,0.00011930800220361833,2010/04/06 07:00:00
NL13,Heating Tertiary,2010,2289,0.00010388500191875557,2010/04/06 08:00:00
NL13,Heating Tertiary,2010,2290,9.181870169589106e-05,2010/04/06 09:00:00
NL13,Heating Tertiary,2010,2291,8.350860154240354e-05,2010/04/06 10:00:00
NL13,Heating Tertiary,2010,2292,7.726730142712675e-05,2010/04/06 11:00:00
NL13,Heating Tertiary,2010,2293,7.298660134806223e-05,2010/04/06 12:00:00
NL13,Heating Tertiary,2010,2294,7.098090131101697e-05,2010/04/06 13:00:00
NL13,Heating Tertiary,2010,2295,7.097720131094862e-05,2010/04/06 14:00:00
NL13,Heating Tertiary,2010,2296,7.175880132538476e-05,2010/04/06 15:00:00
NL13,Heating Tertiary,2010,2297,7.201130133004845e-05,2010/04/06 16:00:00
NL13,Heating Tertiary,2010,2298,7.233680133606042e-05,2010/04/06 17:00:00
NL13,Heating Tertiary,2010,2299,7.38574013641459e-05,2010/04/06 18:00:00
NL13,Heating Tertiary,2010,2300,7.857560145129103e-05,2010/04/06 19:00:00
NL13,Heating Tertiary,2010,2301,8.808140162686313e-05,2010/04/06 20:00:00
NL13,Heating Tertiary,2010,2302,0.0001023640018906627,2010/04/06 21:00:00
NL13,Heating Tertiary,2010,2303,0.00011941900220566849,2010/04/06 22:00:00
NL13,Heating Tertiary,2010,2304,0.00013576100250750517,2010/04/06 23:00:00
NL13,Heating Tertiary,2010,2305,0.00011612400214480984,2010/04/07 00:00:00
NL13,Heating Tertiary,2010,2306,0.00012219700225697813,2010/04/07 01:00:00
NL13,Heating Tertiary,2010,2307,0.0001253280023148077,2010/04/07 02:00:00
NL13,Heating Tertiary,2010,2308,0.00012669000233996383,2010/04/07 03:00:00
NL13,Heating Tertiary,2010,2309,0.00012481000230524025,2010/04/07 04:00:00
NL13,Heating Tertiary,2010,2310,0.00011787100217707693,2010/04/07 05:00:00
NL13,Heating Tertiary,2010,2311,0.00010656400196823668,2010/04/07 06:00:00
NL13,Heating Tertiary,2010,2312,9.328980172306225e-05,2010/04/07 07:00:00
NL13,Heating Tertiary,2010,2313,8.123120150033997e-05,2010/04/07 08:00:00
NL13,Heating Tertiary,2010,2314,7.179590132607001e-05,2010/04/07 09:00:00
NL13,Heating Tertiary,2010,2315,6.529720120603905e-05,2010/04/07 10:00:00
NL13,Heating Tertiary,2010,2316,6.041710111590361e-05,2010/04/07 11:00:00
NL13,Heating Tertiary,2010,2317,5.707040105409007e-05,2010/04/07 12:00:00
NL13,Heating Tertiary,2010,2318,5.550190102511989e-05,2010/04/07 13:00:00
NL13,Heating Tertiary,2010,2319,5.549890102506448e-05,2010/04/07 14:00:00
NL13,Heating Tertiary,2010,2320,5.6109901036349645e-05,2010/04/07 15:00:00
NL13,Heating Tertiary,2010,2321,5.630740103999747e-05,2010/04/07 16:00:00
NL13,Heating Tertiary,2010,2322,5.656230104470547e-05,2010/04/07 17:00:00
NL13,Heating Tertiary,2010,2323,5.775100106666077e-05,2010/04/07 18:00:00
NL13,Heating Tertiary,2010,2324,6.14403011348021e-05,2010/04/07 19:00:00
NL13,Heating Tertiary,2010,2325,6.887300127208406e-05,2010/04/07 20:00:00
NL13,Heating Tertiary,2010,2326,8.004110147835883e-05,2010/04/07 21:00:00
NL13,Heating Tertiary,2010,2327,9.337700172467284e-05,2010/04/07 22:00:00
NL13,Heating Tertiary,2010,2328,0.00010615500196068246,2010/04/07 23:00:00
NL13,Heating Tertiary,2010,2329,6.95414012844294e-05,2010/04/08 00:00:00
NL13,Heating Tertiary,2010,2330,7.317850135160662e-05,2010/04/08 01:00:00
NL13,Heating Tertiary,2010,2331,7.505360138623972e-05,2010/04/08 02:00:00
NL13,Heating Tertiary,2010,2332,7.586870140129462e-05,2010/04/08 03:00:00
NL13,Heating Tertiary,2010,2333,7.474300138050293e-05,2010/04/08 04:00:00
NL13,Heating Tertiary,2010,2334,7.058730130374716e-05,2010/04/08 05:00:00
NL13,Heating Tertiary,2010,2335,6.381630117868682e-05,2010/04/08 06:00:00
NL13,Heating Tertiary,2010,2336,5.586700103186328e-05,2010/04/08 07:00:00
NL13,Heating Tertiary,2010,2337,4.864540089848036e-05,2010/04/08 08:00:00
NL13,Heating Tertiary,2010,2338,4.299510079411934e-05,2010/04/08 09:00:00
NL13,Heating Tertiary,2010,2339,3.91037007222452e-05,2010/04/08 10:00:00
NL13,Heating Tertiary,2010,2340,3.6181000668262935e-05,2010/04/08 11:00:00
NL13,Heating Tertiary,2010,2341,3.417680063124537e-05,2010/04/08 12:00:00
NL13,Heating Tertiary,2010,2342,3.323760061389835e-05,2010/04/08 13:00:00
NL13,Heating Tertiary,2010,2343,3.32358006138651e-05,2010/04/08 14:00:00
NL13,Heating Tertiary,2010,2344,3.360170062062328e-05,2010/04/08 15:00:00
NL13,Heating Tertiary,2010,2345,3.371990062280643e-05,2010/04/08 16:00:00
NL13,Heating Tertiary,2010,2346,3.387250062562495e-05,2010/04/08 17:00:00
NL13,Heating Tertiary,2010,2347,3.458440063877374e-05,2010/04/08 18:00:00
NL13,Heating Tertiary,2010,2348,3.6793800679581344e-05,2010/04/08 19:00:00
NL13,Heating Tertiary,2010,2349,4.124490076179315e-05,2010/04/08 20:00:00
NL13,Heating Tertiary,2010,2350,4.793300088532233e-05,2010/04/08 21:00:00
NL13,Heating Tertiary,2010,2351,5.591920103282741e-05,2010/04/08 22:00:00
NL13,Heating Tertiary,2010,2352,6.357120117415983e-05,2010/04/08 23:00:00
NL13,Heating Tertiary,2010,2353,0.00013209600243981262,2010/04/09 00:00:00
NL13,Heating Tertiary,2010,2354,0.00013900400256740335,2010/04/09 01:00:00
NL13,Heating Tertiary,2010,2355,0.0001425660026331935,2010/04/09 02:00:00
NL13,Heating Tertiary,2010,2356,0.00014411500266180353,2010/04/09 03:00:00
NL13,Heating Tertiary,2010,2357,0.0001419760026222962,2010/04/09 04:00:00
NL13,Heating Tertiary,2010,2358,0.00013408200247649405,2010/04/09 05:00:00
NL13,Heating Tertiary,2010,2359,0.00012122000223893295,2010/04/09 06:00:00
NL13,Heating Tertiary,2010,2360,0.00010612100196005447,2010/04/09 07:00:00
NL13,Heating Tertiary,2010,2361,9.240290170668122e-05,2010/04/09 08:00:00
NL13,Heating Tertiary,2010,2362,8.166990150844275e-05,2010/04/09 09:00:00
NL13,Heating Tertiary,2010,2363,7.427820137191808e-05,2010/04/09 10:00:00
NL13,Heating Tertiary,2010,2364,6.872700126938744e-05,2010/04/09 11:00:00
NL13,Heating Tertiary,2010,2365,6.491970119906662e-05,2010/04/09 12:00:00
NL13,Heating Tertiary,2010,2366,6.313550116611245e-05,2010/04/09 13:00:00
NL13,Heating Tertiary,2010,2367,6.313180116604411e-05,2010/04/09 14:00:00
NL13,Heating Tertiary,2010,2368,6.382680117888076e-05,2010/04/09 15:00:00
NL13,Heating Tertiary,2010,2369,6.405140118302913e-05,2010/04/09 16:00:00
NL13,Heating Tertiary,2010,2370,6.434170118839096e-05,2010/04/09 17:00:00
NL13,Heating Tertiary,2010,2371,6.569390121336608e-05,2010/04/09 18:00:00
NL13,Heating Tertiary,2010,2372,6.989040129087543e-05,2010/04/09 19:00:00
NL13,Heating Tertiary,2010,2373,7.834540144703925e-05,2010/04/09 20:00:00
NL13,Heating Tertiary,2010,2374,9.104950168168392e-05,2010/04/09 21:00:00
NL13,Heating Tertiary,2010,2375,0.000106220001961883,2010/04/09 22:00:00
NL13,Heating Tertiary,2010,2376,0.0001207550022303444,2010/04/09 23:00:00
NL13,Heating Tertiary,2010,2377,0.00013914100256993376,2010/04/10 00:00:00
NL13,Heating Tertiary,2010,2378,0.00014597100269608384,2010/04/10 01:00:00
NL13,Heating Tertiary,2010,2379,0.00015004200277127518,2010/04/10 02:00:00
NL13,Heating Tertiary,2010,2380,0.0001524320028154185,2010/04/10 03:00:00
NL13,Heating Tertiary,2010,2381,0.0001508120027854971,2010/04/10 04:00:00
NL13,Heating Tertiary,2010,2382,0.0001431960026448296,2010/04/10 05:00:00
NL13,Heating Tertiary,2010,2383,0.00013033700240732392,2010/04/10 06:00:00
NL13,Heating Tertiary,2010,2384,0.0001148760021217593,2010/04/10 07:00:00
NL13,Heating Tertiary,2010,2385,9.976810184271644e-05,2010/04/10 08:00:00
NL13,Heating Tertiary,2010,2386,8.752380161656426e-05,2010/04/10 09:00:00
NL13,Heating Tertiary,2010,2387,7.878230145510879e-05,2010/04/10 10:00:00
NL13,Heating Tertiary,2010,2388,7.23876013369987e-05,2010/04/10 11:00:00
NL13,Heating Tertiary,2010,2389,6.776900125169317e-05,2010/04/10 12:00:00
NL13,Heating Tertiary,2010,2390,6.559670121157081e-05,2010/04/10 13:00:00
NL13,Heating Tertiary,2010,2391,6.574590121432653e-05,2010/04/10 14:00:00
NL13,Heating Tertiary,2010,2392,6.668160123160891e-05,2010/04/10 15:00:00
NL13,Heating Tertiary,2010,2393,6.701520123777049e-05,2010/04/10 16:00:00
NL13,Heating Tertiary,2010,2394,6.692610123612482e-05,2010/04/10 17:00:00
NL13,Heating Tertiary,2010,2395,6.756720124796594e-05,2010/04/10 18:00:00
NL13,Heating Tertiary,2010,2396,7.10842013129249e-05,2010/04/10 19:00:00
NL13,Heating Tertiary,2010,2397,7.985540147492894e-05,2010/04/10 20:00:00
NL13,Heating Tertiary,2010,2398,9.386350173365849e-05,2010/04/10 21:00:00
NL13,Heating Tertiary,2010,2399,0.00011124700205473167,2010/04/10 22:00:00
NL13,Heating Tertiary,2010,2400,0.00012721100234958668,2010/04/10 23:00:00
NL13,Heating Tertiary,2010,2401,0.00020800900384192544,2010/04/11 00:00:00
NL13,Heating Tertiary,2010,2402,0.00022116400408489823,2010/04/11 01:00:00
NL13,Heating Tertiary,2010,2403,0.00022708700419429604,2010/04/11 02:00:00
NL13,Heating Tertiary,2010,2404,0.00022949700423880874,2010/04/11 03:00:00
NL13,Heating Tertiary,2010,2405,0.0002260920041759184,2010/04/11 04:00:00
NL13,Heating Tertiary,2010,2406,0.00021469400396539737,2010/04/11 05:00:00
NL13,Heating Tertiary,2010,2407,0.00019592600361875248,2010/04/11 06:00:00
NL13,Heating Tertiary,2010,2408,0.00017324200319977914,2010/04/11 07:00:00
NL13,Heating Tertiary,2010,2409,0.0001515780027996451,2010/04/11 08:00:00
NL13,Heating Tertiary,2010,2410,0.00013466200248720664,2010/04/11 09:00:00
NL13,Heating Tertiary,2010,2411,0.00012307600227321326,2010/04/11 10:00:00
NL13,Heating Tertiary,2010,2412,0.00011422500210973532,2010/04/11 11:00:00
NL13,Heating Tertiary,2010,2413,0.00010721200198020524,2010/04/11 12:00:00
NL13,Heating Tertiary,2010,2414,0.00010330100190796908,2010/04/11 13:00:00
NL13,Heating Tertiary,2010,2415,0.00010150900187487086,2010/04/11 14:00:00
NL13,Heating Tertiary,2010,2416,0.0001007940018616648,2010/04/11 15:00:00
NL13,Heating Tertiary,2010,2417,9.947350183727517e-05,2010/04/11 16:00:00
NL13,Heating Tertiary,2010,2418,9.889110182651824e-05,2010/04/11 17:00:00
NL13,Heating Tertiary,2010,2419,0.00010032800185305779,2010/04/11 18:00:00
NL13,Heating Tertiary,2010,2420,0.00010610900195983283,2010/04/11 19:00:00
NL13,Heating Tertiary,2010,2421,0.00011863400219116954,2010/04/11 20:00:00
NL13,Heating Tertiary,2010,2422,0.00013770500254341086,2010/04/11 21:00:00
NL13,Heating Tertiary,2010,2423,0.00016188400298999686,2010/04/11 22:00:00
NL13,Heating Tertiary,2010,2424,0.00018717800345717696,2010/04/11 23:00:00
NL13,Heating Tertiary,2010,2425,0.0001787890033022322,2010/04/12 00:00:00
NL13,Heating Tertiary,2010,2426,0.00018813900347492663,2010/04/12 01:00:00
NL13,Heating Tertiary,2010,2427,0.00019296100356398896,2010/04/12 02:00:00
NL13,Heating Tertiary,2010,2428,0.00019505700360270204,2010/04/12 03:00:00
NL13,Heating Tertiary,2010,2429,0.00019216200354923142,2010/04/12 04:00:00
NL13,Heating Tertiary,2010,2430,0.000181478003351898,2010/04/12 05:00:00
NL13,Heating Tertiary,2010,2431,0.00016406900303035386,2010/04/12 06:00:00
NL13,Heating Tertiary,2010,2432,0.00014363300265290093,2010/04/12 07:00:00
NL13,Heating Tertiary,2010,2433,0.00012506600230996855,2010/04/12 08:00:00
NL13,Heating Tertiary,2010,2434,0.00011053900204165492,2010/04/12 09:00:00
NL13,Heating Tertiary,2010,2435,0.00010053400185686261,2010/04/12 10:00:00
NL13,Heating Tertiary,2010,2436,9.302060171809014e-05,2010/04/12 11:00:00
NL13,Heating Tertiary,2010,2437,8.786790162291979e-05,2010/04/12 12:00:00
NL13,Heating Tertiary,2010,2438,8.545310157831844e-05,2010/04/12 13:00:00
NL13,Heating Tertiary,2010,2439,8.544810157822608e-05,2010/04/12 14:00:00
NL13,Heating Tertiary,2010,2440,8.638880159560082e-05,2010/04/12 15:00:00
NL13,Heating Tertiary,2010,2441,8.669260160121199e-05,2010/04/12 16:00:00
NL13,Heating Tertiary,2010,2442,8.70856016084707e-05,2010/04/12 17:00:00
NL13,Heating Tertiary,2010,2443,8.89156016422708e-05,2010/04/12 18:00:00
NL13,Heating Tertiary,2010,2444,9.459560174718039e-05,2010/04/12 19:00:00
NL13,Heating Tertiary,2010,2445,0.0001060400019585584,2010/04/12 20:00:00
NL13,Heating Tertiary,2010,2446,0.00012323400227613152,2010/04/12 21:00:00
NL13,Heating Tertiary,2010,2447,0.00014376700265537594,2010/04/12 22:00:00
NL13,Heating Tertiary,2010,2448,0.0001634400030187362,2010/04/12 23:00:00
NL13,Heating Tertiary,2010,2449,0.00013209600243981262,2010/04/13 00:00:00
NL13,Heating Tertiary,2010,2450,0.00013900400256740335,2010/04/13 01:00:00
NL13,Heating Tertiary,2010,2451,0.0001425660026331935,2010/04/13 02:00:00
NL13,Heating Tertiary,2010,2452,0.00014411500266180353,2010/04/13 03:00:00
NL13,Heating Tertiary,2010,2453,0.0001419760026222962,2010/04/13 04:00:00
NL13,Heating Tertiary,2010,2454,0.00013408200247649405,2010/04/13 05:00:00
NL13,Heating Tertiary,2010,2455,0.00012122000223893295,2010/04/13 06:00:00
NL13,Heating Tertiary,2010,2456,0.00010612100196005447,2010/04/13 07:00:00
NL13,Heating Tertiary,2010,2457,9.240290170668122e-05,2010/04/13 08:00:00
NL13,Heating Tertiary,2010,2458,8.166990150844275e-05,2010/04/13 09:00:00
NL13,Heating Tertiary,2010,2459,7.427820137191808e-05,2010/04/13 10:00:00
NL13,Heating Tertiary,2010,2460,6.872700126938744e-05,2010/04/13 11:00:00
NL13,Heating Tertiary,2010,2461,6.491970119906662e-05,2010/04/13 12:00:00
NL13,Heating Tertiary,2010,2462,6.313550116611245e-05,2010/04/13 13:00:00
NL13,Heating Tertiary,2010,2463,6.313180116604411e-05,2010/04/13 14:00:00
NL13,Heating Tertiary,2010,2464,6.382680117888076e-05,2010/04/13 15:00:00
NL13,Heating Tertiary,2010,2465,6.405140118302913e-05,2010/04/13 16:00:00
NL13,Heating Tertiary,2010,2466,6.434170118839096e-05,2010/04/13 17:00:00
NL13,Heating Tertiary,2010,2467,6.569390121336608e-05,2010/04/13 18:00:00
NL13,Heating Tertiary,2010,2468,6.989040129087543e-05,2010/04/13 19:00:00
NL13,Heating Tertiary,2010,2469,7.834540144703925e-05,2010/04/13 20:00:00
NL13,Heating Tertiary,2010,2470,9.104950168168392e-05,2010/04/13 21:00:00
NL13,Heating Tertiary,2010,2471,0.000106220001961883,2010/04/13 22:00:00
NL13,Heating Tertiary,2010,2472,0.0001207550022303444,2010/04/13 23:00:00
NL13,Heating Tertiary,2010,2473,0.0001485110027429976,2010/04/14 00:00:00
NL13,Heating Tertiary,2010,2474,0.00015627700288643566,2010/04/14 01:00:00
NL13,Heating Tertiary,2010,2475,0.00016028200296040794,2010/04/14 02:00:00
NL13,Heating Tertiary,2010,2476,0.0001620230029925642,2010/04/14 03:00:00
NL13,Heating Tertiary,2010,2477,0.00015961900294816233,2010/04/14 04:00:00
NL13,Heating Tertiary,2010,2478,0.00015074300278422264,2010/04/14 05:00:00
NL13,Heating Tertiary,2010,2479,0.0001362830025171465,2010/04/14 06:00:00
NL13,Heating Tertiary,2010,2480,0.00011930800220361833,2010/04/14 07:00:00
NL13,Heating Tertiary,2010,2481,0.00010388500191875557,2010/04/14 08:00:00
NL13,Heating Tertiary,2010,2482,9.181870169589106e-05,2010/04/14 09:00:00
NL13,Heating Tertiary,2010,2483,8.350860154240354e-05,2010/04/14 10:00:00
NL13,Heating Tertiary,2010,2484,7.726730142712675e-05,2010/04/14 11:00:00
NL13,Heating Tertiary,2010,2485,7.298660134806223e-05,2010/04/14 12:00:00
NL13,Heating Tertiary,2010,2486,7.098090131101697e-05,2010/04/14 13:00:00
NL13,Heating Tertiary,2010,2487,7.097720131094862e-05,2010/04/14 14:00:00
NL13,Heating Tertiary,2010,2488,7.175880132538476e-05,2010/04/14 15:00:00
NL13,Heating Tertiary,2010,2489,7.201130133004845e-05,2010/04/14 16:00:00
NL13,Heating Tertiary,2010,2490,7.233680133606042e-05,2010/04/14 17:00:00
NL13,Heating Tertiary,2010,2491,7.38574013641459e-05,2010/04/14 18:00:00
NL13,Heating Tertiary,2010,2492,7.857560145129103e-05,2010/04/14 19:00:00
NL13,Heating Tertiary,2010,2493,8.808140162686313e-05,2010/04/14 20:00:00
NL13,Heating Tertiary,2010,2494,0.0001023640018906627,2010/04/14 21:00:00
NL13,Heating Tertiary,2010,2495,0.00011941900220566849,2010/04/14 22:00:00
NL13,Heating Tertiary,2010,2496,0.00013576100250750517,2010/04/14 23:00:00
NL13,Heating Tertiary,2010,2497,0.0001485110027429976,2010/04/15 00:00:00
NL13,Heating Tertiary,2010,2498,0.00015627700288643566,2010/04/15 01:00:00
NL13,Heating Tertiary,2010,2499,0.00016028200296040794,2010/04/15 02:00:00
NL13,Heating Tertiary,2010,2500,0.0001620230029925642,2010/04/15 03:00:00
NL13,Heating Tertiary,2010,2501,0.00015961900294816233,2010/04/15 04:00:00
NL13,Heating Tertiary,2010,2502,0.00015074300278422264,2010/04/15 05:00:00
NL13,Heating Tertiary,2010,2503,0.0001362830025171465,2010/04/15 06:00:00
NL13,Heating Tertiary,2010,2504,0.00011930800220361833,2010/04/15 07:00:00
NL13,Heating Tertiary,2010,2505,0.00010388500191875557,2010/04/15 08:00:00
NL13,Heating Tertiary,2010,2506,9.181870169589106e-05,2010/04/15 09:00:00
NL13,Heating Tertiary,2010,2507,8.350860154240354e-05,2010/04/15 10:00:00
NL13,Heating Tertiary,2010,2508,7.726730142712675e-05,2010/04/15 11:00:00
NL13,Heating Tertiary,2010,2509,7.298660134806223e-05,2010/04/15 12:00:00
NL13,Heating Tertiary,2010,2510,7.098090131101697e-05,2010/04/15 13:00:00
NL13,Heating Tertiary,2010,2511,7.097720131094862e-05,2010/04/15 14:00:00
NL13,Heating Tertiary,2010,2512,7.175880132538476e-05,2010/04/15 15:00:00
NL13,Heating Tertiary,2010,2513,7.201130133004845e-05,2010/04/15 16:00:00
NL13,Heating Tertiary,2010,2514,7.233680133606042e-05,2010/04/15 17:00:00
NL13,Heating Tertiary,2010,2515,7.38574013641459e-05,2010/04/15 18:00:00
NL13,Heating Tertiary,2010,2516,7.857560145129103e-05,2010/04/15 19:00:00
NL13,Heating Tertiary,2010,2517,8.808140162686313e-05,2010/04/15 20:00:00
NL13,Heating Tertiary,2010,2518,0.0001023640018906627,2010/04/15 21:00:00
NL13,Heating Tertiary,2010,2519,0.00011941900220566849,2010/04/15 22:00:00
NL13,Heating Tertiary,2010,2520,0.00013576100250750517,2010/04/15 23:00:00
NL13,Heating Tertiary,2010,2521,0.0001485110027429976,2010/04/16 00:00:00
NL13,Heating Tertiary,2010,2522,0.00015627700288643566,2010/04/16 01:00:00
NL13,Heating Tertiary,2010,2523,0.00016028200296040794,2010/04/16 02:00:00
NL13,Heating Tertiary,2010,2524,0.0001620230029925642,2010/04/16 03:00:00
NL13,Heating Tertiary,2010,2525,0.00015961900294816233,2010/04/16 04:00:00
NL13,Heating Tertiary,2010,2526,0.00015074300278422264,2010/04/16 05:00:00
NL13,Heating Tertiary,2010,2527,0.0001362830025171465,2010/04/16 06:00:00
NL13,Heating Tertiary,2010,2528,0.00011930800220361833,2010/04/16 07:00:00
NL13,Heating Tertiary,2010,2529,0.00010388500191875557,2010/04/16 08:00:00
NL13,Heating Tertiary,2010,2530,9.181870169589106e-05,2010/04/16 09:00:00
NL13,Heating Tertiary,2010,2531,8.350860154240354e-05,2010/04/16 10:00:00
NL13,Heating Tertiary,2010,2532,7.726730142712675e-05,2010/04/16 11:00:00
NL13,Heating Tertiary,2010,2533,7.298660134806223e-05,2010/04/16 12:00:00
NL13,Heating Tertiary,2010,2534,7.098090131101697e-05,2010/04/16 13:00:00
NL13,Heating Tertiary,2010,2535,7.097720131094862e-05,2010/04/16 14:00:00
NL13,Heating Tertiary,2010,2536,7.175880132538476e-05,2010/04/16 15:00:00
NL13,Heating Tertiary,2010,2537,7.201130133004845e-05,2010/04/16 16:00:00
NL13,Heating Tertiary,2010,2538,7.233680133606042e-05,2010/04/16 17:00:00
NL13,Heating Tertiary,2010,2539,7.38574013641459e-05,2010/04/16 18:00:00
NL13,Heating Tertiary,2010,2540,7.857560145129103e-05,2010/04/16 19:00:00
NL13,Heating Tertiary,2010,2541,8.808140162686313e-05,2010/04/16 20:00:00
NL13,Heating Tertiary,2010,2542,0.0001023640018906627,2010/04/16 21:00:00
NL13,Heating Tertiary,2010,2543,0.00011941900220566849,2010/04/16 22:00:00
NL13,Heating Tertiary,2010,2544,0.00013576100250750517,2010/04/16 23:00:00
NL13,Heating Tertiary,2010,2545,0.00017196900317626685,2010/04/17 00:00:00
NL13,Heating Tertiary,2010,2546,0.0001804110033321905,2010/04/17 01:00:00
NL13,Heating Tertiary,2010,2547,0.00018544100342509457,2010/04/17 02:00:00
NL13,Heating Tertiary,2010,2548,0.00018839700347969188,2010/04/17 03:00:00
NL13,Heating Tertiary,2010,2549,0.0001863940034426965,2010/04/17 04:00:00
NL13,Heating Tertiary,2010,2550,0.0001769810032688384,2010/04/17 05:00:00
NL13,Heating Tertiary,2010,2551,0.00016108800297529475,2010/04/17 06:00:00
NL13,Heating Tertiary,2010,2552,0.00014198000262237006,2010/04/17 07:00:00
NL13,Heating Tertiary,2010,2553,0.00012330700227747984,2010/04/17 08:00:00
NL13,Heating Tertiary,2010,2554,0.00010817300199795491,2010/04/17 09:00:00
NL13,Heating Tertiary,2010,2555,9.737060179843461e-05,2010/04/17 10:00:00
NL13,Heating Tertiary,2010,2556,8.946640165244407e-05,2010/04/17 11:00:00
NL13,Heating Tertiary,2010,2557,8.375860154702104e-05,2010/04/17 12:00:00
NL13,Heating Tertiary,2010,2558,8.107330149742356e-05,2010/04/17 13:00:00
NL13,Heating Tertiary,2010,2559,8.125710150081833e-05,2010/04/17 14:00:00
NL13,Heating Tertiary,2010,2560,8.241440152219367e-05,2010/04/17 15:00:00
NL13,Heating Tertiary,2010,2561,8.282660152980699e-05,2010/04/17 16:00:00
NL13,Heating Tertiary,2010,2562,8.271580152776051e-05,2010/04/17 17:00:00
NL13,Heating Tertiary,2010,2563,8.350860154240354e-05,2010/04/17 18:00:00
NL13,Heating Tertiary,2010,2564,8.785610162270184e-05,2010/04/17 19:00:00
NL13,Heating Tertiary,2010,2565,9.869620182291845e-05,2010/04/17 20:00:00
NL13,Heating Tertiary,2010,2566,0.00011601000214270428,2010/04/17 21:00:00
NL13,Heating Tertiary,2010,2567,0.00013749500253953215,2010/04/17 22:00:00
NL13,Heating Tertiary,2010,2568,0.00015722500290394516,2010/04/17 23:00:00
NL13,Heating Tertiary,2010,2569,0.00017456700322425185,2010/04/18 00:00:00
NL13,Heating Tertiary,2010,2570,0.00018560600342814213,2010/04/18 01:00:00
NL13,Heating Tertiary,2010,2571,0.00019057700351995648,2010/04/18 02:00:00
NL13,Heating Tertiary,2010,2572,0.0001925990035573028,2010/04/18 03:00:00
NL13,Heating Tertiary,2010,2573,0.00018974200350453403,2010/04/18 04:00:00
NL13,Heating Tertiary,2010,2574,0.00018017600332785003,2010/04/18 05:00:00
NL13,Heating Tertiary,2010,2575,0.0001644260030369476,2010/04/18 06:00:00
NL13,Heating Tertiary,2010,2576,0.00014539000268535274,2010/04/18 07:00:00
NL13,Heating Tertiary,2010,2577,0.0001272070023495128,2010/04/18 08:00:00
NL13,Heating Tertiary,2010,2578,0.00011301200208733122,2010/04/18 09:00:00
NL13,Heating Tertiary,2010,2579,0.00010328900190774744,2010/04/18 10:00:00
NL13,Heating Tertiary,2010,2580,9.586050177054308e-05,2010/04/18 11:00:00
NL13,Heating Tertiary,2010,2581,8.997510166183976e-05,2010/04/18 12:00:00
NL13,Heating Tertiary,2010,2582,8.669260160121199e-05,2010/04/18 13:00:00
NL13,Heating Tertiary,2010,2583,8.518880157343682e-05,2010/04/18 14:00:00
NL13,Heating Tertiary,2010,2584,8.458850156234928e-05,2010/04/18 15:00:00
NL13,Heating Tertiary,2010,2585,8.348010154187713e-05,2010/04/18 16:00:00
NL13,Heating Tertiary,2010,2586,8.299180153285824e-05,2010/04/18 17:00:00
NL13,Heating Tertiary,2010,2587,8.419800155513674e-05,2010/04/18 18:00:00
NL13,Heating Tertiary,2010,2588,8.904930164474024e-05,2010/04/18 19:00:00
NL13,Heating Tertiary,2010,2589,9.956070183888576e-05,2010/04/18 20:00:00
NL13,Heating Tertiary,2010,2590,0.00011556500213448512,2010/04/18 21:00:00
NL13,Heating Tertiary,2010,2591,0.0001358570025092783,2010/04/18 22:00:00
NL13,Heating Tertiary,2010,2592,0.00015708400290134089,2010/04/18 23:00:00
NL13,Heating Tertiary,2010,2593,0.00013209600243981262,2010/04/19 00:00:00
NL13,Heating Tertiary,2010,2594,0.00013900400256740335,2010/04/19 01:00:00
NL13,Heating Tertiary,2010,2595,0.0001425660026331935,2010/04/19 02:00:00
NL13,Heating Tertiary,2010,2596,0.00014411500266180353,2010/04/19 03:00:00
NL13,Heating Tertiary,2010,2597,0.0001419760026222962,2010/04/19 04:00:00
NL13,Heating Tertiary,2010,2598,0.00013408200247649405,2010/04/19 05:00:00
NL13,Heating Tertiary,2010,2599,0.00012122000223893295,2010/04/19 06:00:00
NL13,Heating Tertiary,2010,2600,0.00010612100196005447,2010/04/19 07:00:00
NL13,Heating Tertiary,2010,2601,9.240290170668122e-05,2010/04/19 08:00:00
NL13,Heating Tertiary,2010,2602,8.166990150844275e-05,2010/04/19 09:00:00
NL13,Heating Tertiary,2010,2603,7.427820137191808e-05,2010/04/19 10:00:00
NL13,Heating Tertiary,2010,2604,6.872700126938744e-05,2010/04/19 11:00:00
NL13,Heating Tertiary,2010,2605,6.491970119906662e-05,2010/04/19 12:00:00
NL13,Heating Tertiary,2010,2606,6.313550116611245e-05,2010/04/19 13:00:00
NL13,Heating Tertiary,2010,2607,6.313180116604411e-05,2010/04/19 14:00:00
NL13,Heating Tertiary,2010,2608,6.382680117888076e-05,2010/04/19 15:00:00
NL13,Heating Tertiary,2010,2609,6.405140118302913e-05,2010/04/19 16:00:00
NL13,Heating Tertiary,2010,2610,6.434170118839096e-05,2010/04/19 17:00:00
NL13,Heating Tertiary,2010,2611,6.569390121336608e-05,2010/04/19 18:00:00
NL13,Heating Tertiary,2010,2612,6.989040129087543e-05,2010/04/19 19:00:00
NL13,Heating Tertiary,2010,2613,7.834540144703925e-05,2010/04/19 20:00:00
NL13,Heating Tertiary,2010,2614,9.104950168168392e-05,2010/04/19 21:00:00
NL13,Heating Tertiary,2010,2615,0.000106220001961883,2010/04/19 22:00:00
NL13,Heating Tertiary,2010,2616,0.0001207550022303444,2010/04/19 23:00:00
NL13,Heating Tertiary,2010,2617,0.00016326200301544852,2010/04/20 00:00:00
NL13,Heating Tertiary,2010,2618,0.00017180000317314537,2010/04/20 01:00:00
NL13,Heating Tertiary,2010,2619,0.0001762020032544503,2010/04/20 02:00:00
NL13,Heating Tertiary,2010,2620,0.00017811700328982036,2010/04/20 03:00:00
NL13,Heating Tertiary,2010,2621,0.00017547300324098562,2010/04/20 04:00:00
NL13,Heating Tertiary,2010,2622,0.00016571600306077385,2010/04/20 05:00:00
NL13,Heating Tertiary,2010,2623,0.00014982000276717483,2010/04/20 06:00:00
NL13,Heating Tertiary,2010,2624,0.00013115800242248775,2010/04/20 07:00:00
NL13,Heating Tertiary,2010,2625,0.00011420400210934745,2010/04/20 08:00:00
NL13,Heating Tertiary,2010,2626,0.00010093900186434295,2010/04/20 09:00:00
NL13,Heating Tertiary,2010,2627,9.180320169560477e-05,2010/04/20 10:00:00
NL13,Heating Tertiary,2010,2628,8.494190156887659e-05,2010/04/20 11:00:00
NL13,Heating Tertiary,2010,2629,8.02366014819697e-05,2010/04/20 12:00:00
NL13,Heating Tertiary,2010,2630,7.803160144124337e-05,2010/04/20 13:00:00
NL13,Heating Tertiary,2010,2631,7.802730144116393e-05,2010/04/20 14:00:00
NL13,Heating Tertiary,2010,2632,7.888630145702967e-05,2010/04/20 15:00:00
NL13,Heating Tertiary,2010,2633,7.916350146214954e-05,2010/04/20 16:00:00
NL13,Heating Tertiary,2010,2634,7.952250146878027e-05,2010/04/20 17:00:00
NL13,Heating Tertiary,2010,2635,8.11934014996418e-05,2010/04/20 18:00:00
NL13,Heating Tertiary,2010,2636,8.638010159544012e-05,2010/04/20 19:00:00
NL13,Heating Tertiary,2010,2637,9.683030178845528e-05,2010/04/20 20:00:00
NL13,Heating Tertiary,2010,2638,0.00011253200207846561,2010/04/20 21:00:00
NL13,Heating Tertiary,2010,2639,0.00013128100242475958,2010/04/20 22:00:00
NL13,Heating Tertiary,2010,2640,0.00014924500275655459,2010/04/20 23:00:00
NL13,Heating Tertiary,2010,2641,0.00016326200301544852,2010/04/21 00:00:00
NL13,Heating Tertiary,2010,2642,0.00017180000317314537,2010/04/21 01:00:00
NL13,Heating Tertiary,2010,2643,0.0001762020032544503,2010/04/21 02:00:00
NL13,Heating Tertiary,2010,2644,0.00017811700328982036,2010/04/21 03:00:00
NL13,Heating Tertiary,2010,2645,0.00017547300324098562,2010/04/21 04:00:00
NL13,Heating Tertiary,2010,2646,0.00016571600306077385,2010/04/21 05:00:00
NL13,Heating Tertiary,2010,2647,0.00014982000276717483,2010/04/21 06:00:00
NL13,Heating Tertiary,2010,2648,0.00013115800242248775,2010/04/21 07:00:00
NL13,Heating Tertiary,2010,2649,0.00011420400210934745,2010/04/21 08:00:00
NL13,Heating Tertiary,2010,2650,0.00010093900186434295,2010/04/21 09:00:00
NL13,Heating Tertiary,2010,2651,9.180320169560477e-05,2010/04/21 10:00:00
NL13,Heating Tertiary,2010,2652,8.494190156887659e-05,2010/04/21 11:00:00
NL13,Heating Tertiary,2010,2653,8.02366014819697e-05,2010/04/21 12:00:00
NL13,Heating Tertiary,2010,2654,7.803160144124337e-05,2010/04/21 13:00:00
NL13,Heating Tertiary,2010,2655,7.802730144116393e-05,2010/04/21 14:00:00
NL13,Heating Tertiary,2010,2656,7.888630145702967e-05,2010/04/21 15:00:00
NL13,Heating Tertiary,2010,2657,7.916350146214954e-05,2010/04/21 16:00:00
NL13,Heating Tertiary,2010,2658,7.952250146878027e-05,2010/04/21 17:00:00
NL13,Heating Tertiary,2010,2659,8.11934014996418e-05,2010/04/21 18:00:00
NL13,Heating Tertiary,2010,2660,8.638010159544012e-05,2010/04/21 19:00:00
NL13,Heating Tertiary,2010,2661,9.683030178845528e-05,2010/04/21 20:00:00
NL13,Heating Tertiary,2010,2662,0.00011253200207846561,2010/04/21 21:00:00
NL13,Heating Tertiary,2010,2663,0.00013128100242475958,2010/04/21 22:00:00
NL13,Heating Tertiary,2010,2664,0.00014924500275655459,2010/04/21 23:00:00
NL13,Heating Tertiary,2010,2665,0.0001787890033022322,2010/04/22 00:00:00
NL13,Heating Tertiary,2010,2666,0.00018813900347492663,2010/04/22 01:00:00
NL13,Heating Tertiary,2010,2667,0.00019296100356398896,2010/04/22 02:00:00
NL13,Heating Tertiary,2010,2668,0.00019505700360270204,2010/04/22 03:00:00
NL13,Heating Tertiary,2010,2669,0.00019216200354923142,2010/04/22 04:00:00
NL13,Heating Tertiary,2010,2670,0.000181478003351898,2010/04/22 05:00:00
NL13,Heating Tertiary,2010,2671,0.00016406900303035386,2010/04/22 06:00:00
NL13,Heating Tertiary,2010,2672,0.00014363300265290093,2010/04/22 07:00:00
NL13,Heating Tertiary,2010,2673,0.00012506600230996855,2010/04/22 08:00:00
NL13,Heating Tertiary,2010,2674,0.00011053900204165492,2010/04/22 09:00:00
NL13,Heating Tertiary,2010,2675,0.00010053400185686261,2010/04/22 10:00:00
NL13,Heating Tertiary,2010,2676,9.302060171809014e-05,2010/04/22 11:00:00
NL13,Heating Tertiary,2010,2677,8.786790162291979e-05,2010/04/22 12:00:00
NL13,Heating Tertiary,2010,2678,8.545310157831844e-05,2010/04/22 13:00:00
NL13,Heating Tertiary,2010,2679,8.544810157822608e-05,2010/04/22 14:00:00
NL13,Heating Tertiary,2010,2680,8.638880159560082e-05,2010/04/22 15:00:00
NL13,Heating Tertiary,2010,2681,8.669260160121199e-05,2010/04/22 16:00:00
NL13,Heating Tertiary,2010,2682,8.70856016084707e-05,2010/04/22 17:00:00
NL13,Heating Tertiary,2010,2683,8.89156016422708e-05,2010/04/22 18:00:00
NL13,Heating Tertiary,2010,2684,9.459560174718039e-05,2010/04/22 19:00:00
NL13,Heating Tertiary,2010,2685,0.0001060400019585584,2010/04/22 20:00:00
NL13,Heating Tertiary,2010,2686,0.00012323400227613152,2010/04/22 21:00:00
NL13,Heating Tertiary,2010,2687,0.00014376700265537594,2010/04/22 22:00:00
NL13,Heating Tertiary,2010,2688,0.0001634400030187362,2010/04/22 23:00:00
NL13,Heating Tertiary,2010,2689,0.00019453900359313458,2010/04/23 00:00:00
NL13,Heating Tertiary,2010,2690,0.00020471200378102987,2010/04/23 01:00:00
NL13,Heating Tertiary,2010,2691,0.00020995800387792348,2010/04/23 02:00:00
NL13,Heating Tertiary,2010,2692,0.00021223900392005354,2010/04/23 03:00:00
NL13,Heating Tertiary,2010,2693,0.0002090900038618915,2010/04/23 04:00:00
NL13,Heating Tertiary,2010,2694,0.00019746400364715938,2010/04/23 05:00:00
NL13,Heating Tertiary,2010,2695,0.00017852200329730072,2010/04/23 06:00:00
NL13,Heating Tertiary,2010,2696,0.00015628500288658337,2010/04/23 07:00:00
NL13,Heating Tertiary,2010,2697,0.0001360830025134525,2010/04/23 08:00:00
NL13,Heating Tertiary,2010,2698,0.00012027700222151574,2010/04/23 09:00:00
NL13,Heating Tertiary,2010,2699,0.00010939000202043289,2010/04/23 10:00:00
NL13,Heating Tertiary,2010,2700,0.0001012140018694222,2010/04/23 11:00:00
NL13,Heating Tertiary,2010,2701,9.56080017658794e-05,2010/04/23 12:00:00
NL13,Heating Tertiary,2010,2702,9.298030171734579e-05,2010/04/23 13:00:00
NL13,Heating Tertiary,2010,2703,9.297540171725528e-05,2010/04/23 14:00:00
NL13,Heating Tertiary,2010,2704,9.399900173616117e-05,2010/04/23 15:00:00
NL13,Heating Tertiary,2010,2705,9.43295017422655e-05,2010/04/23 16:00:00
NL13,Heating Tertiary,2010,2706,9.475650175015221e-05,2010/04/23 17:00:00
NL13,Heating Tertiary,2010,2707,9.67480017869352e-05,2010/04/23 18:00:00
NL13,Heating Tertiary,2010,2708,0.00010292900190109825,2010/04/23 19:00:00
NL13,Heating Tertiary,2010,2709,0.00011538000213106816,2010/04/23 20:00:00
NL13,Heating Tertiary,2010,2710,0.00013409000247664182,2010/04/23 21:00:00
NL13,Heating Tertiary,2010,2711,0.00015643100288928,2010/04/23 22:00:00
NL13,Heating Tertiary,2010,2712,0.00017783700328464878,2010/04/23 23:00:00
NL13,Heating Tertiary,2010,2713,0.00017196900317626685,2010/04/24 00:00:00
NL13,Heating Tertiary,2010,2714,0.0001804110033321905,2010/04/24 01:00:00
NL13,Heating Tertiary,2010,2715,0.00018544100342509457,2010/04/24 02:00:00
NL13,Heating Tertiary,2010,2716,0.00018839700347969188,2010/04/24 03:00:00
NL13,Heating Tertiary,2010,2717,0.0001863940034426965,2010/04/24 04:00:00
NL13,Heating Tertiary,2010,2718,0.0001769810032688384,2010/04/24 05:00:00
NL13,Heating Tertiary,2010,2719,0.00016108800297529475,2010/04/24 06:00:00
NL13,Heating Tertiary,2010,2720,0.00014198000262237006,2010/04/24 07:00:00
NL13,Heating Tertiary,2010,2721,0.00012330700227747984,2010/04/24 08:00:00
NL13,Heating Tertiary,2010,2722,0.00010817300199795491,2010/04/24 09:00:00
NL13,Heating Tertiary,2010,2723,9.737060179843461e-05,2010/04/24 10:00:00
NL13,Heating Tertiary,2010,2724,8.946640165244407e-05,2010/04/24 11:00:00
NL13,Heating Tertiary,2010,2725,8.375860154702104e-05,2010/04/24 12:00:00
NL13,Heating Tertiary,2010,2726,8.107330149742356e-05,2010/04/24 13:00:00
NL13,Heating Tertiary,2010,2727,8.125710150081833e-05,2010/04/24 14:00:00
NL13,Heating Tertiary,2010,2728,8.241440152219367e-05,2010/04/24 15:00:00
NL13,Heating Tertiary,2010,2729,8.282660152980699e-05,2010/04/24 16:00:00
NL13,Heating Tertiary,2010,2730,8.271580152776051e-05,2010/04/24 17:00:00
NL13,Heating Tertiary,2010,2731,8.350860154240354e-05,2010/04/24 18:00:00
NL13,Heating Tertiary,2010,2732,8.785610162270184e-05,2010/04/24 19:00:00
NL13,Heating Tertiary,2010,2733,9.869620182291845e-05,2010/04/24 20:00:00
NL13,Heating Tertiary,2010,2734,0.00011601000214270428,2010/04/24 21:00:00
NL13,Heating Tertiary,2010,2735,0.00013749500253953215,2010/04/24 22:00:00
NL13,Heating Tertiary,2010,2736,0.00015722500290394516,2010/04/24 23:00:00
NL13,Heating Tertiary,2010,2737,0.00010744400198449029,2010/04/25 00:00:00
NL13,Heating Tertiary,2010,2738,0.00011423800210997543,2010/04/25 01:00:00
NL13,Heating Tertiary,2010,2739,0.00011729800216649363,2010/04/25 02:00:00
NL13,Heating Tertiary,2010,2740,0.00011854300218948878,2010/04/25 03:00:00
NL13,Heating Tertiary,2010,2741,0.00011678400215700005,2010/04/25 04:00:00
NL13,Heating Tertiary,2010,2742,0.00011089700204826719,2010/04/25 05:00:00
NL13,Heating Tertiary,2010,2743,0.00010120200186920057,2010/04/25 06:00:00
NL13,Heating Tertiary,2010,2744,8.948560165279871e-05,2010/04/25 07:00:00
NL13,Heating Tertiary,2010,2745,7.829460144610098e-05,2010/04/25 08:00:00
NL13,Heating Tertiary,2010,2746,6.955750128472677e-05,2010/04/25 09:00:00
NL13,Heating Tertiary,2010,2747,6.357300117419308e-05,2010/04/25 10:00:00
NL13,Heating Tertiary,2010,2748,5.900100108974826e-05,2010/04/25 11:00:00
NL13,Heating Tertiary,2010,2749,5.5378601022842535e-05,2010/04/25 12:00:00
NL13,Heating Tertiary,2010,2750,5.3358200985525755e-05,2010/04/25 13:00:00
NL13,Heating Tertiary,2010,2751,5.243280096843362e-05,2010/04/25 14:00:00
NL13,Heating Tertiary,2010,2752,5.20634009616108e-05,2010/04/25 15:00:00
NL13,Heating Tertiary,2010,2753,5.138130094901242e-05,2010/04/25 16:00:00
NL13,Heating Tertiary,2010,2754,5.108070094346034e-05,2010/04/25 17:00:00
NL13,Heating Tertiary,2010,2755,5.182270095716507e-05,2010/04/25 18:00:00
NL13,Heating Tertiary,2010,2756,5.480880101231833e-05,2010/04/25 19:00:00
NL13,Heating Tertiary,2010,2757,6.127850113181366e-05,2010/04/25 20:00:00
NL13,Heating Tertiary,2010,2758,7.112880131374867e-05,2010/04/25 21:00:00
NL13,Heating Tertiary,2010,2759,8.361870154443708e-05,2010/04/25 22:00:00
NL13,Heating Tertiary,2010,2760,9.668360178574573e-05,2010/04/25 23:00:00
NL13,Heating Tertiary,2010,2761,3.460440063914314e-05,2010/04/26 00:00:00
NL13,Heating Tertiary,2010,2762,3.641400067256645e-05,2010/04/26 01:00:00
NL13,Heating Tertiary,2010,2763,3.734720068980265e-05,2010/04/26 02:00:00
NL13,Heating Tertiary,2010,2764,3.775290069729592e-05,2010/04/26 03:00:00
NL13,Heating Tertiary,2010,2765,3.719280068695088e-05,2010/04/26 04:00:00
NL13,Heating Tertiary,2010,2766,3.512470064875308e-05,2010/04/26 05:00:00
NL13,Heating Tertiary,2010,2767,3.175530058652027e-05,2010/04/26 06:00:00
NL13,Heating Tertiary,2010,2768,2.7799800513462202e-05,2010/04/26 07:00:00
NL13,Heating Tertiary,2010,2769,2.420630044709027e-05,2010/04/26 08:00:00
NL13,Heating Tertiary,2010,2770,2.139470039516003e-05,2010/04/26 09:00:00
NL13,Heating Tertiary,2010,2771,1.945830035939473e-05,2010/04/26 10:00:00
NL13,Heating Tertiary,2010,2772,1.8003900332531968e-05,2010/04/26 11:00:00
NL13,Heating Tertiary,2010,2773,1.700660031411184e-05,2010/04/26 12:00:00
NL13,Heating Tertiary,2010,2774,1.653930030548081e-05,2010/04/26 13:00:00
NL13,Heating Tertiary,2010,2775,1.6538300305462338e-05,2010/04/26 14:00:00
NL13,Heating Tertiary,2010,2776,1.6720500308827572e-05,2010/04/26 15:00:00
NL13,Heating Tertiary,2010,2777,1.6779300309913608e-05,2010/04/26 16:00:00
NL13,Heating Tertiary,2010,2778,1.685530031131733e-05,2010/04/26 17:00:00
NL13,Heating Tertiary,2010,2779,1.720940031785755e-05,2010/04/26 18:00:00
NL13,Heating Tertiary,2010,2780,1.830880033816347e-05,2010/04/26 19:00:00
NL13,Heating Tertiary,2010,2781,2.052380037907451e-05,2010/04/26 20:00:00
NL13,Heating Tertiary,2010,2782,2.3851800440542657e-05,2010/04/26 21:00:00
NL13,Heating Tertiary,2010,2783,2.7825800513942425e-05,2010/04/26 22:00:00
NL13,Heating Tertiary,2010,2784,3.163350058427063e-05,2010/04/26 23:00:00
NL13,Heating Tertiary,2010,2785,8.518010157327612e-05,2010/04/27 00:00:00
NL13,Heating Tertiary,2010,2786,8.963470165555256e-05,2010/04/27 01:00:00
NL13,Heating Tertiary,2010,2787,9.19320016979837e-05,2010/04/27 02:00:00
NL13,Heating Tertiary,2010,2788,9.293020171642044e-05,2010/04/27 03:00:00
NL13,Heating Tertiary,2010,2789,9.155140169095402e-05,2010/04/27 04:00:00
NL13,Heating Tertiary,2010,2790,8.646060159692696e-05,2010/04/27 05:00:00
NL13,Heating Tertiary,2010,2791,7.816710144374605e-05,2010/04/27 06:00:00
NL13,Heating Tertiary,2010,2792,6.843050126391107e-05,2010/04/27 07:00:00
NL13,Heating Tertiary,2010,2793,5.9584801100531036e-05,2010/04/27 08:00:00
NL13,Heating Tertiary,2010,2794,5.266390097270204e-05,2010/04/27 09:00:00
NL13,Heating Tertiary,2010,2795,4.7897300884662955e-05,2010/04/27 10:00:00
NL13,Heating Tertiary,2010,2796,4.431740081854221e-05,2010/04/27 11:00:00
NL13,Heating Tertiary,2010,2797,4.186250077320022e-05,2010/04/27 12:00:00
NL13,Heating Tertiary,2010,2798,4.071200075195049e-05,2010/04/27 13:00:00
NL13,Heating Tertiary,2010,2799,4.0709800751909854e-05,2010/04/27 14:00:00
NL13,Heating Tertiary,2010,2800,4.115800076018811e-05,2010/04/27 15:00:00
NL13,Heating Tertiary,2010,2801,4.130280076286256e-05,2010/04/27 16:00:00
NL13,Heating Tertiary,2010,2802,4.148980076631645e-05,2010/04/27 17:00:00
NL13,Heating Tertiary,2010,2803,4.236180078242229e-05,2010/04/27 18:00:00
NL13,Heating Tertiary,2010,2804,4.5067900832403946e-05,2010/04/27 19:00:00
NL13,Heating Tertiary,2010,2805,5.052000093310422e-05,2010/04/27 20:00:00
NL13,Heating Tertiary,2010,2806,5.871220108441412e-05,2010/04/27 21:00:00
NL13,Heating Tertiary,2010,2807,6.849430126508947e-05,2010/04/27 22:00:00
NL13,Heating Tertiary,2010,2808,7.78670014382032e-05,2010/04/27 23:00:00
NL13,Heating Tertiary,2010,2809,8.518010157327612e-05,2010/04/28 00:00:00
NL13,Heating Tertiary,2010,2810,8.963470165555256e-05,2010/04/28 01:00:00
NL13,Heating Tertiary,2010,2811,9.19320016979837e-05,2010/04/28 02:00:00
NL13,Heating Tertiary,2010,2812,9.293020171642044e-05,2010/04/28 03:00:00
NL13,Heating Tertiary,2010,2813,9.155140169095402e-05,2010/04/28 04:00:00
NL13,Heating Tertiary,2010,2814,8.646060159692696e-05,2010/04/28 05:00:00
NL13,Heating Tertiary,2010,2815,7.816710144374605e-05,2010/04/28 06:00:00
NL13,Heating Tertiary,2010,2816,6.843050126391107e-05,2010/04/28 07:00:00
NL13,Heating Tertiary,2010,2817,5.9584801100531036e-05,2010/04/28 08:00:00
NL13,Heating Tertiary,2010,2818,5.266390097270204e-05,2010/04/28 09:00:00
NL13,Heating Tertiary,2010,2819,4.7897300884662955e-05,2010/04/28 10:00:00
NL13,Heating Tertiary,2010,2820,4.431740081854221e-05,2010/04/28 11:00:00
NL13,Heating Tertiary,2010,2821,4.186250077320022e-05,2010/04/28 12:00:00
NL13,Heating Tertiary,2010,2822,4.071200075195049e-05,2010/04/28 13:00:00
NL13,Heating Tertiary,2010,2823,4.0709800751909854e-05,2010/04/28 14:00:00
NL13,Heating Tertiary,2010,2824,4.115800076018811e-05,2010/04/28 15:00:00
NL13,Heating Tertiary,2010,2825,4.130280076286256e-05,2010/04/28 16:00:00
NL13,Heating Tertiary,2010,2826,4.148980076631645e-05,2010/04/28 17:00:00
NL13,Heating Tertiary,2010,2827,4.236180078242229e-05,2010/04/28 18:00:00
NL13,Heating Tertiary,2010,2828,4.5067900832403946e-05,2010/04/28 19:00:00
NL13,Heating Tertiary,2010,2829,5.052000093310422e-05,2010/04/28 20:00:00
NL13,Heating Tertiary,2010,2830,5.871220108441412e-05,2010/04/28 21:00:00
NL13,Heating Tertiary,2010,2831,6.849430126508947e-05,2010/04/28 22:00:00
NL13,Heating Tertiary,2010,2832,7.78670014382032e-05,2010/04/28 23:00:00
NL13,Heating Tertiary,2010,2833,3.460440063914314e-05,2010/04/29 00:00:00
NL13,Heating Tertiary,2010,2834,3.641400067256645e-05,2010/04/29 01:00:00
NL13,Heating Tertiary,2010,2835,3.734720068980265e-05,2010/04/29 02:00:00
NL13,Heating Tertiary,2010,2836,3.775290069729592e-05,2010/04/29 03:00:00
NL13,Heating Tertiary,2010,2837,3.719280068695088e-05,2010/04/29 04:00:00
NL13,Heating Tertiary,2010,2838,3.512470064875308e-05,2010/04/29 05:00:00
NL13,Heating Tertiary,2010,2839,3.175530058652027e-05,2010/04/29 06:00:00
NL13,Heating Tertiary,2010,2840,2.7799800513462202e-05,2010/04/29 07:00:00
NL13,Heating Tertiary,2010,2841,2.420630044709027e-05,2010/04/29 08:00:00
NL13,Heating Tertiary,2010,2842,2.139470039516003e-05,2010/04/29 09:00:00
NL13,Heating Tertiary,2010,2843,1.945830035939473e-05,2010/04/29 10:00:00
NL13,Heating Tertiary,2010,2844,1.8003900332531968e-05,2010/04/29 11:00:00
NL13,Heating Tertiary,2010,2845,1.700660031411184e-05,2010/04/29 12:00:00
NL13,Heating Tertiary,2010,2846,1.653930030548081e-05,2010/04/29 13:00:00
NL13,Heating Tertiary,2010,2847,1.6538300305462338e-05,2010/04/29 14:00:00
NL13,Heating Tertiary,2010,2848,1.6720500308827572e-05,2010/04/29 15:00:00
NL13,Heating Tertiary,2010,2849,1.6779300309913608e-05,2010/04/29 16:00:00
NL13,Heating Tertiary,2010,2850,1.685530031131733e-05,2010/04/29 17:00:00
NL13,Heating Tertiary,2010,2851,1.720940031785755e-05,2010/04/29 18:00:00
NL13,Heating Tertiary,2010,2852,1.830880033816347e-05,2010/04/29 19:00:00
NL13,Heating Tertiary,2010,2853,2.052380037907451e-05,2010/04/29 20:00:00
NL13,Heating Tertiary,2010,2854,2.3851800440542657e-05,2010/04/29 21:00:00
NL13,Heating Tertiary,2010,2855,2.7825800513942425e-05,2010/04/29 22:00:00
NL13,Heating Tertiary,2010,2856,3.163350058427063e-05,2010/04/29 23:00:00
NL13,Heating Tertiary,2010,2857,1.707720031541582e-05,2010/04/30 00:00:00
NL13,Heating Tertiary,2010,2858,1.8157200335363417e-05,2010/04/30 01:00:00
NL13,Heating Tertiary,2010,2859,1.8643300344341683e-05,2010/04/30 02:00:00
NL13,Heating Tertiary,2010,2860,1.884130034799874e-05,2010/04/30 03:00:00
NL13,Heating Tertiary,2010,2861,1.8561700342834528e-05,2010/04/30 04:00:00
NL13,Heating Tertiary,2010,2862,1.762590032555031e-05,2010/04/30 05:00:00
NL13,Heating Tertiary,2010,2863,1.6085100297091737e-05,2010/04/30 06:00:00
NL13,Heating Tertiary,2010,2864,1.422290026269691e-05,2010/04/30 07:00:00
NL13,Heating Tertiary,2010,2865,1.2444200229844328e-05,2010/04/30 08:00:00
NL13,Heating Tertiary,2010,2866,1.1055500204195043e-05,2010/04/30 09:00:00
NL13,Heating Tertiary,2010,2867,1.010440018662823e-05,2010/04/30 10:00:00
NL13,Heating Tertiary,2010,2868,9.377620173204607e-06,2010/04/30 11:00:00
NL13,Heating Tertiary,2010,2869,8.801890162570877e-06,2010/04/30 12:00:00
NL13,Heating Tertiary,2010,2870,8.480760156639607e-06,2010/04/30 13:00:00
NL13,Heating Tertiary,2010,2871,8.333720153923777e-06,2010/04/30 14:00:00
NL13,Heating Tertiary,2010,2872,8.27498015283885e-06,2010/04/30 15:00:00
NL13,Heating Tertiary,2010,2873,8.166560150836334e-06,2010/04/30 16:00:00
NL13,Heating Tertiary,2010,2874,8.118780149953837e-06,2010/04/30 17:00:00
NL13,Heating Tertiary,2010,2875,8.236740152132557e-06,2010/04/30 18:00:00
NL13,Heating Tertiary,2010,2876,8.711350160898602e-06,2010/04/30 19:00:00
NL13,Heating Tertiary,2010,2877,9.739660179891485e-06,2010/04/30 20:00:00
NL13,Heating Tertiary,2010,2878,1.130530020880885e-05,2010/04/30 21:00:00
NL13,Heating Tertiary,2010,2879,1.3290400245473639e-05,2010/04/30 22:00:00
NL13,Heating Tertiary,2010,2880,1.5366900283826585e-05,2010/04/30 23:00:00
NL13,Heating Tertiary,2010,2881,8.972320165718717e-05,2010/05/01 00:00:00
NL13,Heating Tertiary,2010,2882,9.412710173852719e-05,2010/05/01 01:00:00
NL13,Heating Tertiary,2010,2883,9.675230178701462e-05,2010/05/01 02:00:00
NL13,Heating Tertiary,2010,2884,9.829390181548796e-05,2010/05/01 03:00:00
NL13,Heating Tertiary,2010,2885,9.724930179619421e-05,2010/05/01 04:00:00
NL13,Heating Tertiary,2010,2886,9.233790170548068e-05,2010/05/01 05:00:00
NL13,Heating Tertiary,2010,2887,8.404580155232561e-05,2010/05/01 06:00:00
NL13,Heating Tertiary,2010,2888,7.407640136819084e-05,2010/05/01 07:00:00
NL13,Heating Tertiary,2010,2889,6.433420118825243e-05,2010/05/01 08:00:00
NL13,Heating Tertiary,2010,2890,5.643850104241888e-05,2010/05/01 09:00:00
NL13,Heating Tertiary,2010,2891,5.080190093831091e-05,2010/05/01 10:00:00
NL13,Heating Tertiary,2010,2892,4.667830086214803e-05,2010/05/01 11:00:00
NL13,Heating Tertiary,2010,2893,4.370000080713884e-05,2010/05/01 12:00:00
NL13,Heating Tertiary,2010,2894,4.229930078126792e-05,2010/05/01 13:00:00
NL13,Heating Tertiary,2010,2895,4.239520078303919e-05,2010/05/01 14:00:00
NL13,Heating Tertiary,2010,2896,4.299880079418768e-05,2010/05/01 15:00:00
NL13,Heating Tertiary,2010,2897,4.3214000798162416e-05,2010/05/01 16:00:00
NL13,Heating Tertiary,2010,2898,4.315610079709301e-05,2010/05/01 17:00:00
NL13,Heating Tertiary,2010,2899,4.356960080473035e-05,2010/05/01 18:00:00
NL13,Heating Tertiary,2010,2900,4.583790084662584e-05,2010/05/01 19:00:00
NL13,Heating Tertiary,2010,2901,5.14936009510866e-05,2010/05/01 20:00:00
NL13,Heating Tertiary,2010,2902,6.052670111792792e-05,2010/05/01 21:00:00
NL13,Heating Tertiary,2010,2903,7.17365013249729e-05,2010/05/01 22:00:00
NL13,Heating Tertiary,2010,2904,8.203010151509564e-05,2010/05/01 23:00:00
NL13,Heating Tertiary,2010,2905,0.00014124300260875768,2010/05/02 00:00:00
NL13,Heating Tertiary,2010,2906,0.00015017500277373172,2010/05/02 01:00:00
NL13,Heating Tertiary,2010,2907,0.00015419600284799953,2010/05/02 02:00:00
NL13,Heating Tertiary,2010,2908,0.00015583300287823492,2010/05/02 03:00:00
NL13,Heating Tertiary,2010,2909,0.00015352100283553234,2010/05/02 04:00:00
NL13,Heating Tertiary,2010,2910,0.00014578100269257454,2010/05/02 05:00:00
NL13,Heating Tertiary,2010,2911,0.00013303800245721134,2010/05/02 06:00:00
NL13,Heating Tertiary,2010,2912,0.00011763500217271801,2010/05/02 07:00:00
NL13,Heating Tertiary,2010,2913,0.0001029240019010059,2010/05/02 08:00:00
NL13,Heating Tertiary,2010,2914,9.143810168886137e-05,2010/05/02 09:00:00
NL13,Heating Tertiary,2010,2915,8.357110154355791e-05,2010/05/02 10:00:00
NL13,Heating Tertiary,2010,2916,7.756070143254583e-05,2010/05/02 11:00:00
NL13,Heating Tertiary,2010,2917,7.27991013445991e-05,2010/05/02 12:00:00
NL13,Heating Tertiary,2010,2918,7.01429012955391e-05,2010/05/02 13:00:00
NL13,Heating Tertiary,2010,2919,6.892620127306665e-05,2010/05/02 14:00:00
NL13,Heating Tertiary,2010,2920,6.844100126410502e-05,2010/05/02 15:00:00
NL13,Heating Tertiary,2010,2921,6.754430124754297e-05,2010/05/02 16:00:00
NL13,Heating Tertiary,2010,2922,6.714880124023809e-05,2010/05/02 17:00:00
NL13,Heating Tertiary,2010,2923,6.81248012582648e-05,2010/05/02 18:00:00
NL13,Heating Tertiary,2010,2924,7.205030133076877e-05,2010/05/02 19:00:00
NL13,Heating Tertiary,2010,2925,8.0554701487845e-05,2010/05/02 20:00:00
NL13,Heating Tertiary,2010,2926,9.350390172701668e-05,2010/05/02 21:00:00
NL13,Heating Tertiary,2010,2927,0.0001099230020302774,2010/05/02 22:00:00
NL13,Heating Tertiary,2010,2928,0.00012709800234749958,2010/05/02 23:00:00
NL13,Heating Tertiary,2010,2929,0.0001485110027429976,2010/05/03 00:00:00
NL13,Heating Tertiary,2010,2930,0.00015627700288643566,2010/05/03 01:00:00
NL13,Heating Tertiary,2010,2931,0.00016028200296040794,2010/05/03 02:00:00
NL13,Heating Tertiary,2010,2932,0.0001620230029925642,2010/05/03 03:00:00
NL13,Heating Tertiary,2010,2933,0.00015961900294816233,2010/05/03 04:00:00
NL13,Heating Tertiary,2010,2934,0.00015074300278422264,2010/05/03 05:00:00
NL13,Heating Tertiary,2010,2935,0.0001362830025171465,2010/05/03 06:00:00
NL13,Heating Tertiary,2010,2936,0.00011930800220361833,2010/05/03 07:00:00
NL13,Heating Tertiary,2010,2937,0.00010388500191875557,2010/05/03 08:00:00
NL13,Heating Tertiary,2010,2938,9.181870169589106e-05,2010/05/03 09:00:00
NL13,Heating Tertiary,2010,2939,8.350860154240354e-05,2010/05/03 10:00:00
NL13,Heating Tertiary,2010,2940,7.726730142712675e-05,2010/05/03 11:00:00
NL13,Heating Tertiary,2010,2941,7.298660134806223e-05,2010/05/03 12:00:00
NL13,Heating Tertiary,2010,2942,7.098090131101697e-05,2010/05/03 13:00:00
NL13,Heating Tertiary,2010,2943,7.097720131094862e-05,2010/05/03 14:00:00
NL13,Heating Tertiary,2010,2944,7.175880132538476e-05,2010/05/03 15:00:00
NL13,Heating Tertiary,2010,2945,7.201130133004845e-05,2010/05/03 16:00:00
NL13,Heating Tertiary,2010,2946,7.233680133606042e-05,2010/05/03 17:00:00
NL13,Heating Tertiary,2010,2947,7.38574013641459e-05,2010/05/03 18:00:00
NL13,Heating Tertiary,2010,2948,7.857560145129103e-05,2010/05/03 19:00:00
NL13,Heating Tertiary,2010,2949,8.808140162686313e-05,2010/05/03 20:00:00
NL13,Heating Tertiary,2010,2950,0.0001023640018906627,2010/05/03 21:00:00
NL13,Heating Tertiary,2010,2951,0.00011941900220566849,2010/05/03 22:00:00
NL13,Heating Tertiary,2010,2952,0.00013576100250750517,2010/05/03 23:00:00
NL13,Heating Tertiary,2010,2953,0.00016326200301544852,2010/05/04 00:00:00
NL13,Heating Tertiary,2010,2954,0.00017180000317314537,2010/05/04 01:00:00
NL13,Heating Tertiary,2010,2955,0.0001762020032544503,2010/05/04 02:00:00
NL13,Heating Tertiary,2010,2956,0.00017811700328982036,2010/05/04 03:00:00
NL13,Heating Tertiary,2010,2957,0.00017547300324098562,2010/05/04 04:00:00
NL13,Heating Tertiary,2010,2958,0.00016571600306077385,2010/05/04 05:00:00
NL13,Heating Tertiary,2010,2959,0.00014982000276717483,2010/05/04 06:00:00
NL13,Heating Tertiary,2010,2960,0.00013115800242248775,2010/05/04 07:00:00
NL13,Heating Tertiary,2010,2961,0.00011420400210934745,2010/05/04 08:00:00
NL13,Heating Tertiary,2010,2962,0.00010093900186434295,2010/05/04 09:00:00
NL13,Heating Tertiary,2010,2963,9.180320169560477e-05,2010/05/04 10:00:00
NL13,Heating Tertiary,2010,2964,8.494190156887659e-05,2010/05/04 11:00:00
NL13,Heating Tertiary,2010,2965,8.02366014819697e-05,2010/05/04 12:00:00
NL13,Heating Tertiary,2010,2966,7.803160144124337e-05,2010/05/04 13:00:00
NL13,Heating Tertiary,2010,2967,7.802730144116393e-05,2010/05/04 14:00:00
NL13,Heating Tertiary,2010,2968,7.888630145702967e-05,2010/05/04 15:00:00
NL13,Heating Tertiary,2010,2969,7.916350146214954e-05,2010/05/04 16:00:00
NL13,Heating Tertiary,2010,2970,7.952250146878027e-05,2010/05/04 17:00:00
NL13,Heating Tertiary,2010,2971,8.11934014996418e-05,2010/05/04 18:00:00
NL13,Heating Tertiary,2010,2972,8.638010159544012e-05,2010/05/04 19:00:00
NL13,Heating Tertiary,2010,2973,9.683030178845528e-05,2010/05/04 20:00:00
NL13,Heating Tertiary,2010,2974,0.00011253200207846561,2010/05/04 21:00:00
NL13,Heating Tertiary,2010,2975,0.00013128100242475958,2010/05/04 22:00:00
NL13,Heating Tertiary,2010,2976,0.00014924500275655459,2010/05/04 23:00:00
NL13,Heating Tertiary,2010,2977,0.00017456700322425185,2010/05/05 00:00:00
NL13,Heating Tertiary,2010,2978,0.00018560600342814213,2010/05/05 01:00:00
NL13,Heating Tertiary,2010,2979,0.00019057700351995648,2010/05/05 02:00:00
NL13,Heating Tertiary,2010,2980,0.0001925990035573028,2010/05/05 03:00:00
NL13,Heating Tertiary,2010,2981,0.00018974200350453403,2010/05/05 04:00:00
NL13,Heating Tertiary,2010,2982,0.00018017600332785003,2010/05/05 05:00:00
NL13,Heating Tertiary,2010,2983,0.0001644260030369476,2010/05/05 06:00:00
NL13,Heating Tertiary,2010,2984,0.00014539000268535274,2010/05/05 07:00:00
NL13,Heating Tertiary,2010,2985,0.0001272070023495128,2010/05/05 08:00:00
NL13,Heating Tertiary,2010,2986,0.00011301200208733122,2010/05/05 09:00:00
NL13,Heating Tertiary,2010,2987,0.00010328900190774744,2010/05/05 10:00:00
NL13,Heating Tertiary,2010,2988,9.586050177054308e-05,2010/05/05 11:00:00
NL13,Heating Tertiary,2010,2989,8.997510166183976e-05,2010/05/05 12:00:00
NL13,Heating Tertiary,2010,2990,8.669260160121199e-05,2010/05/05 13:00:00
NL13,Heating Tertiary,2010,2991,8.518880157343682e-05,2010/05/05 14:00:00
NL13,Heating Tertiary,2010,2992,8.458850156234928e-05,2010/05/05 15:00:00
NL13,Heating Tertiary,2010,2993,8.348010154187713e-05,2010/05/05 16:00:00
NL13,Heating Tertiary,2010,2994,8.299180153285824e-05,2010/05/05 17:00:00
NL13,Heating Tertiary,2010,2995,8.419800155513674e-05,2010/05/05 18:00:00
NL13,Heating Tertiary,2010,2996,8.904930164474024e-05,2010/05/05 19:00:00
NL13,Heating Tertiary,2010,2997,9.956070183888576e-05,2010/05/05 20:00:00
NL13,Heating Tertiary,2010,2998,0.00011556500213448512,2010/05/05 21:00:00
NL13,Heating Tertiary,2010,2999,0.0001358570025092783,2010/05/05 22:00:00
NL13,Heating Tertiary,2010,3000,0.00015708400290134089,2010/05/05 23:00:00
NL13,Heating Tertiary,2010,3001,0.0001485110027429976,2010/05/06 00:00:00
NL13,Heating Tertiary,2010,3002,0.00015627700288643566,2010/05/06 01:00:00
NL13,Heating Tertiary,2010,3003,0.00016028200296040794,2010/05/06 02:00:00
NL13,Heating Tertiary,2010,3004,0.0001620230029925642,2010/05/06 03:00:00
NL13,Heating Tertiary,2010,3005,0.00015961900294816233,2010/05/06 04:00:00
NL13,Heating Tertiary,2010,3006,0.00015074300278422264,2010/05/06 05:00:00
NL13,Heating Tertiary,2010,3007,0.0001362830025171465,2010/05/06 06:00:00
NL13,Heating Tertiary,2010,3008,0.00011930800220361833,2010/05/06 07:00:00
NL13,Heating Tertiary,2010,3009,0.00010388500191875557,2010/05/06 08:00:00
NL13,Heating Tertiary,2010,3010,9.181870169589106e-05,2010/05/06 09:00:00
NL13,Heating Tertiary,2010,3011,8.350860154240354e-05,2010/05/06 10:00:00
NL13,Heating Tertiary,2010,3012,7.726730142712675e-05,2010/05/06 11:00:00
NL13,Heating Tertiary,2010,3013,7.298660134806223e-05,2010/05/06 12:00:00
NL13,Heating Tertiary,2010,3014,7.098090131101697e-05,2010/05/06 13:00:00
NL13,Heating Tertiary,2010,3015,7.097720131094862e-05,2010/05/06 14:00:00
NL13,Heating Tertiary,2010,3016,7.175880132538476e-05,2010/05/06 15:00:00
NL13,Heating Tertiary,2010,3017,7.201130133004845e-05,2010/05/06 16:00:00
NL13,Heating Tertiary,2010,3018,7.233680133606042e-05,2010/05/06 17:00:00
NL13,Heating Tertiary,2010,3019,7.38574013641459e-05,2010/05/06 18:00:00
NL13,Heating Tertiary,2010,3020,7.857560145129103e-05,2010/05/06 19:00:00
NL13,Heating Tertiary,2010,3021,8.808140162686313e-05,2010/05/06 20:00:00
NL13,Heating Tertiary,2010,3022,0.0001023640018906627,2010/05/06 21:00:00
NL13,Heating Tertiary,2010,3023,0.00011941900220566849,2010/05/06 22:00:00
NL13,Heating Tertiary,2010,3024,0.00013576100250750517,2010/05/06 23:00:00
NL13,Heating Tertiary,2010,3025,0.0001485110027429976,2010/05/07 00:00:00
NL13,Heating Tertiary,2010,3026,0.00015627700288643566,2010/05/07 01:00:00
NL13,Heating Tertiary,2010,3027,0.00016028200296040794,2010/05/07 02:00:00
NL13,Heating Tertiary,2010,3028,0.0001620230029925642,2010/05/07 03:00:00
NL13,Heating Tertiary,2010,3029,0.00015961900294816233,2010/05/07 04:00:00
NL13,Heating Tertiary,2010,3030,0.00015074300278422264,2010/05/07 05:00:00
NL13,Heating Tertiary,2010,3031,0.0001362830025171465,2010/05/07 06:00:00
NL13,Heating Tertiary,2010,3032,0.00011930800220361833,2010/05/07 07:00:00
NL13,Heating Tertiary,2010,3033,0.00010388500191875557,2010/05/07 08:00:00
NL13,Heating Tertiary,2010,3034,9.181870169589106e-05,2010/05/07 09:00:00
NL13,Heating Tertiary,2010,3035,8.350860154240354e-05,2010/05/07 10:00:00
NL13,Heating Tertiary,2010,3036,7.726730142712675e-05,2010/05/07 11:00:00
NL13,Heating Tertiary,2010,3037,7.298660134806223e-05,2010/05/07 12:00:00
NL13,Heating Tertiary,2010,3038,7.098090131101697e-05,2010/05/07 13:00:00
NL13,Heating Tertiary,2010,3039,7.097720131094862e-05,2010/05/07 14:00:00
NL13,Heating Tertiary,2010,3040,7.175880132538476e-05,2010/05/07 15:00:00
NL13,Heating Tertiary,2010,3041,7.201130133004845e-05,2010/05/07 16:00:00
NL13,Heating Tertiary,2010,3042,7.233680133606042e-05,2010/05/07 17:00:00
NL13,Heating Tertiary,2010,3043,7.38574013641459e-05,2010/05/07 18:00:00
NL13,Heating Tertiary,2010,3044,7.857560145129103e-05,2010/05/07 19:00:00
NL13,Heating Tertiary,2010,3045,8.808140162686313e-05,2010/05/07 20:00:00
NL13,Heating Tertiary,2010,3046,0.0001023640018906627,2010/05/07 21:00:00
NL13,Heating Tertiary,2010,3047,0.00011941900220566849,2010/05/07 22:00:00
NL13,Heating Tertiary,2010,3048,0.00013576100250750517,2010/05/07 23:00:00
NL13,Heating Tertiary,2010,3049,0.00017196900317626685,2010/05/08 00:00:00
NL13,Heating Tertiary,2010,3050,0.0001804110033321905,2010/05/08 01:00:00
NL13,Heating Tertiary,2010,3051,0.00018544100342509457,2010/05/08 02:00:00
NL13,Heating Tertiary,2010,3052,0.00018839700347969188,2010/05/08 03:00:00
NL13,Heating Tertiary,2010,3053,0.0001863940034426965,2010/05/08 04:00:00
NL13,Heating Tertiary,2010,3054,0.0001769810032688384,2010/05/08 05:00:00
NL13,Heating Tertiary,2010,3055,0.00016108800297529475,2010/05/08 06:00:00
NL13,Heating Tertiary,2010,3056,0.00014198000262237006,2010/05/08 07:00:00
NL13,Heating Tertiary,2010,3057,0.00012330700227747984,2010/05/08 08:00:00
NL13,Heating Tertiary,2010,3058,0.00010817300199795491,2010/05/08 09:00:00
NL13,Heating Tertiary,2010,3059,9.737060179843461e-05,2010/05/08 10:00:00
NL13,Heating Tertiary,2010,3060,8.946640165244407e-05,2010/05/08 11:00:00
NL13,Heating Tertiary,2010,3061,8.375860154702104e-05,2010/05/08 12:00:00
NL13,Heating Tertiary,2010,3062,8.107330149742356e-05,2010/05/08 13:00:00
NL13,Heating Tertiary,2010,3063,8.125710150081833e-05,2010/05/08 14:00:00
NL13,Heating Tertiary,2010,3064,8.241440152219367e-05,2010/05/08 15:00:00
NL13,Heating Tertiary,2010,3065,8.282660152980699e-05,2010/05/08 16:00:00
NL13,Heating Tertiary,2010,3066,8.271580152776051e-05,2010/05/08 17:00:00
NL13,Heating Tertiary,2010,3067,8.350860154240354e-05,2010/05/08 18:00:00
NL13,Heating Tertiary,2010,3068,8.785610162270184e-05,2010/05/08 19:00:00
NL13,Heating Tertiary,2010,3069,9.869620182291845e-05,2010/05/08 20:00:00
NL13,Heating Tertiary,2010,3070,0.00011601000214270428,2010/05/08 21:00:00
NL13,Heating Tertiary,2010,3071,0.00013749500253953215,2010/05/08 22:00:00
NL13,Heating Tertiary,2010,3072,0.00015722500290394516,2010/05/08 23:00:00
NL13,Heating Tertiary,2010,3073,0.00015879400293292454,2010/05/09 00:00:00
NL13,Heating Tertiary,2010,3074,0.00016883600311840024,2010/05/09 01:00:00
NL13,Heating Tertiary,2010,3075,0.00017335700320190314,2010/05/09 02:00:00
NL13,Heating Tertiary,2010,3076,0.00017519700323588794,2010/05/09 03:00:00
NL13,Heating Tertiary,2010,3077,0.00017259800318788438,2010/05/09 04:00:00
NL13,Heating Tertiary,2010,3078,0.00016389700302717704,2010/05/09 05:00:00
NL13,Heating Tertiary,2010,3079,0.00014956900276253887,2010/05/09 06:00:00
NL13,Heating Tertiary,2010,3080,0.0001322530024427124,2010/05/09 07:00:00
NL13,Heating Tertiary,2010,3081,0.00011571400213723715,2010/05/09 08:00:00
NL13,Heating Tertiary,2010,3082,0.00010280000189871562,2010/05/09 09:00:00
NL13,Heating Tertiary,2010,3083,9.395630173537251e-05,2010/05/09 10:00:00
NL13,Heating Tertiary,2010,3084,8.719890161056335e-05,2010/05/09 11:00:00
NL13,Heating Tertiary,2010,3085,8.184510151167869e-05,2010/05/09 12:00:00
NL13,Heating Tertiary,2010,3086,7.885970145653837e-05,2010/05/09 13:00:00
NL13,Heating Tertiary,2010,3087,7.749200143127695e-05,2010/05/09 14:00:00
NL13,Heating Tertiary,2010,3088,7.694550142118309e-05,2010/05/09 15:00:00
NL13,Heating Tertiary,2010,3089,7.593740140256349e-05,2010/05/09 16:00:00
NL13,Heating Tertiary,2010,3090,7.54936013943665e-05,2010/05/09 17:00:00
NL13,Heating Tertiary,2010,3091,7.659030141462256e-05,2010/05/09 18:00:00
NL13,Heating Tertiary,2010,3092,8.10034014961325e-05,2010/05/09 19:00:00
NL13,Heating Tertiary,2010,3093,9.056490167273335e-05,2010/05/09 20:00:00
NL13,Heating Tertiary,2010,3094,0.00010512300194162143,2010/05/09 21:00:00
NL13,Heating Tertiary,2010,3095,0.00012358300228257755,2010/05/09 22:00:00
NL13,Heating Tertiary,2010,3096,0.00014289100263919623,2010/05/09 23:00:00
NL13,Heating Tertiary,2010,3097,0.0001485110027429976,2010/05/10 00:00:00
NL13,Heating Tertiary,2010,3098,0.00015627700288643566,2010/05/10 01:00:00
NL13,Heating Tertiary,2010,3099,0.00016028200296040794,2010/05/10 02:00:00
NL13,Heating Tertiary,2010,3100,0.0001620230029925642,2010/05/10 03:00:00
NL13,Heating Tertiary,2010,3101,0.00015961900294816233,2010/05/10 04:00:00
NL13,Heating Tertiary,2010,3102,0.00015074300278422264,2010/05/10 05:00:00
NL13,Heating Tertiary,2010,3103,0.0001362830025171465,2010/05/10 06:00:00
NL13,Heating Tertiary,2010,3104,0.00011930800220361833,2010/05/10 07:00:00
NL13,Heating Tertiary,2010,3105,0.00010388500191875557,2010/05/10 08:00:00
NL13,Heating Tertiary,2010,3106,9.181870169589106e-05,2010/05/10 09:00:00
NL13,Heating Tertiary,2010,3107,8.350860154240354e-05,2010/05/10 10:00:00
NL13,Heating Tertiary,2010,3108,7.726730142712675e-05,2010/05/10 11:00:00
NL13,Heating Tertiary,2010,3109,7.298660134806223e-05,2010/05/10 12:00:00
NL13,Heating Tertiary,2010,3110,7.098090131101697e-05,2010/05/10 13:00:00
NL13,Heating Tertiary,2010,3111,7.097720131094862e-05,2010/05/10 14:00:00
NL13,Heating Tertiary,2010,3112,7.175880132538476e-05,2010/05/10 15:00:00
NL13,Heating Tertiary,2010,3113,7.201130133004845e-05,2010/05/10 16:00:00
NL13,Heating Tertiary,2010,3114,7.233680133606042e-05,2010/05/10 17:00:00
NL13,Heating Tertiary,2010,3115,7.38574013641459e-05,2010/05/10 18:00:00
NL13,Heating Tertiary,2010,3116,7.857560145129103e-05,2010/05/10 19:00:00
NL13,Heating Tertiary,2010,3117,8.808140162686313e-05,2010/05/10 20:00:00
NL13,Heating Tertiary,2010,3118,0.0001023640018906627,2010/05/10 21:00:00
NL13,Heating Tertiary,2010,3119,0.00011941900220566849,2010/05/10 22:00:00
NL13,Heating Tertiary,2010,3120,0.00013576100250750517,2010/05/10 23:00:00
NL13,Heating Tertiary,2010,3121,0.00016326200301544852,2010/05/11 00:00:00
NL13,Heating Tertiary,2010,3122,0.00017180000317314537,2010/05/11 01:00:00
NL13,Heating Tertiary,2010,3123,0.0001762020032544503,2010/05/11 02:00:00
NL13,Heating Tertiary,2010,3124,0.00017811700328982036,2010/05/11 03:00:00
NL13,Heating Tertiary,2010,3125,0.00017547300324098562,2010/05/11 04:00:00
NL13,Heating Tertiary,2010,3126,0.00016571600306077385,2010/05/11 05:00:00
NL13,Heating Tertiary,2010,3127,0.00014982000276717483,2010/05/11 06:00:00
NL13,Heating Tertiary,2010,3128,0.00013115800242248775,2010/05/11 07:00:00
NL13,Heating Tertiary,2010,3129,0.00011420400210934745,2010/05/11 08:00:00
NL13,Heating Tertiary,2010,3130,0.00010093900186434295,2010/05/11 09:00:00
NL13,Heating Tertiary,2010,3131,9.180320169560477e-05,2010/05/11 10:00:00
NL13,Heating Tertiary,2010,3132,8.494190156887659e-05,2010/05/11 11:00:00
NL13,Heating Tertiary,2010,3133,8.02366014819697e-05,2010/05/11 12:00:00
NL13,Heating Tertiary,2010,3134,7.803160144124337e-05,2010/05/11 13:00:00
NL13,Heating Tertiary,2010,3135,7.802730144116393e-05,2010/05/11 14:00:00
NL13,Heating Tertiary,2010,3136,7.888630145702967e-05,2010/05/11 15:00:00
NL13,Heating Tertiary,2010,3137,7.916350146214954e-05,2010/05/11 16:00:00
NL13,Heating Tertiary,2010,3138,7.952250146878027e-05,2010/05/11 17:00:00
NL13,Heating Tertiary,2010,3139,8.11934014996418e-05,2010/05/11 18:00:00
NL13,Heating Tertiary,2010,3140,8.638010159544012e-05,2010/05/11 19:00:00
NL13,Heating Tertiary,2010,3141,9.683030178845528e-05,2010/05/11 20:00:00
NL13,Heating Tertiary,2010,3142,0.00011253200207846561,2010/05/11 21:00:00
NL13,Heating Tertiary,2010,3143,0.00013128100242475958,2010/05/11 22:00:00
NL13,Heating Tertiary,2010,3144,0.00014924500275655459,2010/05/11 23:00:00
NL13,Heating Tertiary,2010,3145,0.00016326200301544852,2010/05/12 00:00:00
NL13,Heating Tertiary,2010,3146,0.00017180000317314537,2010/05/12 01:00:00
NL13,Heating Tertiary,2010,3147,0.0001762020032544503,2010/05/12 02:00:00
NL13,Heating Tertiary,2010,3148,0.00017811700328982036,2010/05/12 03:00:00
NL13,Heating Tertiary,2010,3149,0.00017547300324098562,2010/05/12 04:00:00
NL13,Heating Tertiary,2010,3150,0.00016571600306077385,2010/05/12 05:00:00
NL13,Heating Tertiary,2010,3151,0.00014982000276717483,2010/05/12 06:00:00
NL13,Heating Tertiary,2010,3152,0.00013115800242248775,2010/05/12 07:00:00
NL13,Heating Tertiary,2010,3153,0.00011420400210934745,2010/05/12 08:00:00
NL13,Heating Tertiary,2010,3154,0.00010093900186434295,2010/05/12 09:00:00
NL13,Heating Tertiary,2010,3155,9.180320169560477e-05,2010/05/12 10:00:00
NL13,Heating Tertiary,2010,3156,8.494190156887659e-05,2010/05/12 11:00:00
NL13,Heating Tertiary,2010,3157,8.02366014819697e-05,2010/05/12 12:00:00
NL13,Heating Tertiary,2010,3158,7.803160144124337e-05,2010/05/12 13:00:00
NL13,Heating Tertiary,2010,3159,7.802730144116393e-05,2010/05/12 14:00:00
NL13,Heating Tertiary,2010,3160,7.888630145702967e-05,2010/05/12 15:00:00
NL13,Heating Tertiary,2010,3161,7.916350146214954e-05,2010/05/12 16:00:00
NL13,Heating Tertiary,2010,3162,7.952250146878027e-05,2010/05/12 17:00:00
NL13,Heating Tertiary,2010,3163,8.11934014996418e-05,2010/05/12 18:00:00
NL13,Heating Tertiary,2010,3164,8.638010159544012e-05,2010/05/12 19:00:00
NL13,Heating Tertiary,2010,3165,9.683030178845528e-05,2010/05/12 20:00:00
NL13,Heating Tertiary,2010,3166,0.00011253200207846561,2010/05/12 21:00:00
NL13,Heating Tertiary,2010,3167,0.00013128100242475958,2010/05/12 22:00:00
NL13,Heating Tertiary,2010,3168,0.00014924500275655459,2010/05/12 23:00:00
NL13,Heating Tertiary,2010,3169,0.00017456700322425185,2010/05/13 00:00:00
NL13,Heating Tertiary,2010,3170,0.00018560600342814213,2010/05/13 01:00:00
NL13,Heating Tertiary,2010,3171,0.00019057700351995648,2010/05/13 02:00:00
NL13,Heating Tertiary,2010,3172,0.0001925990035573028,2010/05/13 03:00:00
NL13,Heating Tertiary,2010,3173,0.00018974200350453403,2010/05/13 04:00:00
NL13,Heating Tertiary,2010,3174,0.00018017600332785003,2010/05/13 05:00:00
NL13,Heating Tertiary,2010,3175,0.0001644260030369476,2010/05/13 06:00:00
NL13,Heating Tertiary,2010,3176,0.00014539000268535274,2010/05/13 07:00:00
NL13,Heating Tertiary,2010,3177,0.0001272070023495128,2010/05/13 08:00:00
NL13,Heating Tertiary,2010,3178,0.00011301200208733122,2010/05/13 09:00:00
NL13,Heating Tertiary,2010,3179,0.00010328900190774744,2010/05/13 10:00:00
NL13,Heating Tertiary,2010,3180,9.586050177054308e-05,2010/05/13 11:00:00
NL13,Heating Tertiary,2010,3181,8.997510166183976e-05,2010/05/13 12:00:00
NL13,Heating Tertiary,2010,3182,8.669260160121199e-05,2010/05/13 13:00:00
NL13,Heating Tertiary,2010,3183,8.518880157343682e-05,2010/05/13 14:00:00
NL13,Heating Tertiary,2010,3184,8.458850156234928e-05,2010/05/13 15:00:00
NL13,Heating Tertiary,2010,3185,8.348010154187713e-05,2010/05/13 16:00:00
NL13,Heating Tertiary,2010,3186,8.299180153285824e-05,2010/05/13 17:00:00
NL13,Heating Tertiary,2010,3187,8.419800155513674e-05,2010/05/13 18:00:00
NL13,Heating Tertiary,2010,3188,8.904930164474024e-05,2010/05/13 19:00:00
NL13,Heating Tertiary,2010,3189,9.956070183888576e-05,2010/05/13 20:00:00
NL13,Heating Tertiary,2010,3190,0.00011556500213448512,2010/05/13 21:00:00
NL13,Heating Tertiary,2010,3191,0.0001358570025092783,2010/05/13 22:00:00
NL13,Heating Tertiary,2010,3192,0.00015708400290134089,2010/05/13 23:00:00
NL13,Heating Tertiary,2010,3193,0.00016326200301544852,2010/05/14 00:00:00
NL13,Heating Tertiary,2010,3194,0.00017180000317314537,2010/05/14 01:00:00
NL13,Heating Tertiary,2010,3195,0.0001762020032544503,2010/05/14 02:00:00
NL13,Heating Tertiary,2010,3196,0.00017811700328982036,2010/05/14 03:00:00
NL13,Heating Tertiary,2010,3197,0.00017547300324098562,2010/05/14 04:00:00
NL13,Heating Tertiary,2010,3198,0.00016571600306077385,2010/05/14 05:00:00
NL13,Heating Tertiary,2010,3199,0.00014982000276717483,2010/05/14 06:00:00
NL13,Heating Tertiary,2010,3200,0.00013115800242248775,2010/05/14 07:00:00
NL13,Heating Tertiary,2010,3201,0.00011420400210934745,2010/05/14 08:00:00
NL13,Heating Tertiary,2010,3202,0.00010093900186434295,2010/05/14 09:00:00
NL13,Heating Tertiary,2010,3203,9.180320169560477e-05,2010/05/14 10:00:00
NL13,Heating Tertiary,2010,3204,8.494190156887659e-05,2010/05/14 11:00:00
NL13,Heating Tertiary,2010,3205,8.02366014819697e-05,2010/05/14 12:00:00
NL13,Heating Tertiary,2010,3206,7.803160144124337e-05,2010/05/14 13:00:00
NL13,Heating Tertiary,2010,3207,7.802730144116393e-05,2010/05/14 14:00:00
NL13,Heating Tertiary,2010,3208,7.888630145702967e-05,2010/05/14 15:00:00
NL13,Heating Tertiary,2010,3209,7.916350146214954e-05,2010/05/14 16:00:00
NL13,Heating Tertiary,2010,3210,7.952250146878027e-05,2010/05/14 17:00:00
NL13,Heating Tertiary,2010,3211,8.11934014996418e-05,2010/05/14 18:00:00
NL13,Heating Tertiary,2010,3212,8.638010159544012e-05,2010/05/14 19:00:00
NL13,Heating Tertiary,2010,3213,9.683030178845528e-05,2010/05/14 20:00:00
NL13,Heating Tertiary,2010,3214,0.00011253200207846561,2010/05/14 21:00:00
NL13,Heating Tertiary,2010,3215,0.00013128100242475958,2010/05/14 22:00:00
NL13,Heating Tertiary,2010,3216,0.00014924500275655459,2010/05/14 23:00:00
NL13,Heating Tertiary,2010,3217,0.00015643100288928,2010/05/15 00:00:00
NL13,Heating Tertiary,2010,3218,0.00016411000303111111,2010/05/15 01:00:00
NL13,Heating Tertiary,2010,3219,0.00016868600311562975,2010/05/15 02:00:00
NL13,Heating Tertiary,2010,3220,0.0001713750031652956,2010/05/15 03:00:00
NL13,Heating Tertiary,2010,3221,0.00016955300313164327,2010/05/15 04:00:00
NL13,Heating Tertiary,2010,3222,0.0001609900029734847,2010/05/15 05:00:00
NL13,Heating Tertiary,2010,3223,0.00014653300270646395,2010/05/15 06:00:00
NL13,Heating Tertiary,2010,3224,0.00012915200238543698,2010/05/15 07:00:00
NL13,Heating Tertiary,2010,3225,0.0001121660020717056,2010/05/15 08:00:00
NL13,Heating Tertiary,2010,3226,9.839970181744208e-05,2010/05/15 09:00:00
NL13,Heating Tertiary,2010,3227,8.857280163593929e-05,2010/05/15 10:00:00
NL13,Heating Tertiary,2010,3228,8.13834015031511e-05,2010/05/15 11:00:00
NL13,Heating Tertiary,2010,3229,7.619050140723825e-05,2010/05/15 12:00:00
NL13,Heating Tertiary,2010,3230,7.374840136213268e-05,2010/05/15 13:00:00
NL13,Heating Tertiary,2010,3231,7.391550136521901e-05,2010/05/15 14:00:00
NL13,Heating Tertiary,2010,3232,7.49676013846513e-05,2010/05/15 15:00:00
NL13,Heating Tertiary,2010,3233,7.534330139159046e-05,2010/05/15 16:00:00
NL13,Heating Tertiary,2010,3234,7.524240138972686e-05,2010/05/15 17:00:00
NL13,Heating Tertiary,2010,3235,7.59634014030437e-05,2010/05/15 18:00:00
NL13,Heating Tertiary,2010,3236,7.991790147608332e-05,2010/05/15 19:00:00
NL13,Heating Tertiary,2010,3237,8.977830165820486e-05,2010/05/15 20:00:00
NL13,Heating Tertiary,2010,3238,0.00010552800194910178,2010/05/15 21:00:00
NL13,Heating Tertiary,2010,3239,0.00012507200231007937,2010/05/15 22:00:00
NL13,Heating Tertiary,2010,3240,0.0001430190026415604,2010/05/15 23:00:00
NL13,Heating Tertiary,2010,3241,0.00014124300260875768,2010/05/16 00:00:00
NL13,Heating Tertiary,2010,3242,0.00015017500277373172,2010/05/16 01:00:00
NL13,Heating Tertiary,2010,3243,0.00015419600284799953,2010/05/16 02:00:00
NL13,Heating Tertiary,2010,3244,0.00015583300287823492,2010/05/16 03:00:00
NL13,Heating Tertiary,2010,3245,0.00015352100283553234,2010/05/16 04:00:00
NL13,Heating Tertiary,2010,3246,0.00014578100269257454,2010/05/16 05:00:00
NL13,Heating Tertiary,2010,3247,0.00013303800245721134,2010/05/16 06:00:00
NL13,Heating Tertiary,2010,3248,0.00011763500217271801,2010/05/16 07:00:00
NL13,Heating Tertiary,2010,3249,0.0001029240019010059,2010/05/16 08:00:00
NL13,Heating Tertiary,2010,3250,9.143810168886137e-05,2010/05/16 09:00:00
NL13,Heating Tertiary,2010,3251,8.357110154355791e-05,2010/05/16 10:00:00
NL13,Heating Tertiary,2010,3252,7.756070143254583e-05,2010/05/16 11:00:00
NL13,Heating Tertiary,2010,3253,7.27991013445991e-05,2010/05/16 12:00:00
NL13,Heating Tertiary,2010,3254,7.01429012955391e-05,2010/05/16 13:00:00
NL13,Heating Tertiary,2010,3255,6.892620127306665e-05,2010/05/16 14:00:00
NL13,Heating Tertiary,2010,3256,6.844100126410502e-05,2010/05/16 15:00:00
NL13,Heating Tertiary,2010,3257,6.754430124754297e-05,2010/05/16 16:00:00
NL13,Heating Tertiary,2010,3258,6.714880124023809e-05,2010/05/16 17:00:00
NL13,Heating Tertiary,2010,3259,6.81248012582648e-05,2010/05/16 18:00:00
NL13,Heating Tertiary,2010,3260,7.205030133076877e-05,2010/05/16 19:00:00
NL13,Heating Tertiary,2010,3261,8.0554701487845e-05,2010/05/16 20:00:00
NL13,Heating Tertiary,2010,3262,9.350390172701668e-05,2010/05/16 21:00:00
NL13,Heating Tertiary,2010,3263,0.0001099230020302774,2010/05/16 22:00:00
NL13,Heating Tertiary,2010,3264,0.00012709800234749958,2010/05/16 23:00:00
NL13,Heating Tertiary,2010,3265,0.00010048600185597605,2010/05/17 00:00:00
NL13,Heating Tertiary,2010,3266,0.00010574100195303588,2010/05/17 01:00:00
NL13,Heating Tertiary,2010,3267,0.00010845100200308956,2010/05/17 02:00:00
NL13,Heating Tertiary,2010,3268,0.00010962800202482875,2010/05/17 03:00:00
NL13,Heating Tertiary,2010,3269,0.00010800200199479653,2010/05/17 04:00:00
NL13,Heating Tertiary,2010,3270,0.00010199700188388421,2010/05/17 05:00:00
NL13,Heating Tertiary,2010,3271,9.221230170316083e-05,2010/05/17 06:00:00
NL13,Heating Tertiary,2010,3272,8.07268014910237e-05,2010/05/17 07:00:00
NL13,Heating Tertiary,2010,3273,7.029150129828375e-05,2010/05/17 08:00:00
NL13,Heating Tertiary,2010,3274,6.212670114747991e-05,2010/05/17 09:00:00
NL13,Heating Tertiary,2010,3275,5.650390104362683e-05,2010/05/17 10:00:00
NL13,Heating Tertiary,2010,3276,5.228080096562618e-05,2010/05/17 11:00:00
NL13,Heating Tertiary,2010,3277,4.938470091213523e-05,2010/05/17 12:00:00
NL13,Heating Tertiary,2010,3278,4.80274008870659e-05,2010/05/17 13:00:00
NL13,Heating Tertiary,2010,3279,4.802490088701973e-05,2010/05/17 14:00:00
NL13,Heating Tertiary,2010,3280,4.855360089678481e-05,2010/05/17 15:00:00
NL13,Heating Tertiary,2010,3281,4.872440089993949e-05,2010/05/17 16:00:00
NL13,Heating Tertiary,2010,3282,4.8945000904013965e-05,2010/05/17 17:00:00
NL13,Heating Tertiary,2010,3283,4.99736009230122e-05,2010/05/17 18:00:00
NL13,Heating Tertiary,2010,3284,5.316610098197767e-05,2010/05/17 19:00:00
NL13,Heating Tertiary,2010,3285,5.959790110077299e-05,2010/05/17 20:00:00
NL13,Heating Tertiary,2010,3286,6.926230127927443e-05,2010/05/17 21:00:00
NL13,Heating Tertiary,2010,3287,8.080170149240709e-05,2010/05/17 22:00:00
NL13,Heating Tertiary,2010,3288,9.185890169663355e-05,2010/05/17 23:00:00
NL13,Heating Tertiary,2010,3289,0.00011612400214480984,2010/05/18 00:00:00
NL13,Heating Tertiary,2010,3290,0.00012219700225697813,2010/05/18 01:00:00
NL13,Heating Tertiary,2010,3291,0.0001253280023148077,2010/05/18 02:00:00
NL13,Heating Tertiary,2010,3292,0.00012669000233996383,2010/05/18 03:00:00
NL13,Heating Tertiary,2010,3293,0.00012481000230524025,2010/05/18 04:00:00
NL13,Heating Tertiary,2010,3294,0.00011787100217707693,2010/05/18 05:00:00
NL13,Heating Tertiary,2010,3295,0.00010656400196823668,2010/05/18 06:00:00
NL13,Heating Tertiary,2010,3296,9.328980172306225e-05,2010/05/18 07:00:00
NL13,Heating Tertiary,2010,3297,8.123120150033997e-05,2010/05/18 08:00:00
NL13,Heating Tertiary,2010,3298,7.179590132607001e-05,2010/05/18 09:00:00
NL13,Heating Tertiary,2010,3299,6.529720120603905e-05,2010/05/18 10:00:00
NL13,Heating Tertiary,2010,3300,6.041710111590361e-05,2010/05/18 11:00:00
NL13,Heating Tertiary,2010,3301,5.707040105409007e-05,2010/05/18 12:00:00
NL13,Heating Tertiary,2010,3302,5.550190102511989e-05,2010/05/18 13:00:00
NL13,Heating Tertiary,2010,3303,5.549890102506448e-05,2010/05/18 14:00:00
NL13,Heating Tertiary,2010,3304,5.6109901036349645e-05,2010/05/18 15:00:00
NL13,Heating Tertiary,2010,3305,5.630740103999747e-05,2010/05/18 16:00:00
NL13,Heating Tertiary,2010,3306,5.656230104470547e-05,2010/05/18 17:00:00
NL13,Heating Tertiary,2010,3307,5.775100106666077e-05,2010/05/18 18:00:00
NL13,Heating Tertiary,2010,3308,6.14403011348021e-05,2010/05/18 19:00:00
NL13,Heating Tertiary,2010,3309,6.887300127208406e-05,2010/05/18 20:00:00
NL13,Heating Tertiary,2010,3310,8.004110147835883e-05,2010/05/18 21:00:00
NL13,Heating Tertiary,2010,3311,9.337700172467284e-05,2010/05/18 22:00:00
NL13,Heating Tertiary,2010,3312,0.00010615500196068246,2010/05/18 23:00:00
NL13,Heating Tertiary,2010,3313,0.00013209600243981262,2010/05/19 00:00:00
NL13,Heating Tertiary,2010,3314,0.00013900400256740335,2010/05/19 01:00:00
NL13,Heating Tertiary,2010,3315,0.0001425660026331935,2010/05/19 02:00:00
NL13,Heating Tertiary,2010,3316,0.00014411500266180353,2010/05/19 03:00:00
NL13,Heating Tertiary,2010,3317,0.0001419760026222962,2010/05/19 04:00:00
NL13,Heating Tertiary,2010,3318,0.00013408200247649405,2010/05/19 05:00:00
NL13,Heating Tertiary,2010,3319,0.00012122000223893295,2010/05/19 06:00:00
NL13,Heating Tertiary,2010,3320,0.00010612100196005447,2010/05/19 07:00:00
NL13,Heating Tertiary,2010,3321,9.240290170668122e-05,2010/05/19 08:00:00
NL13,Heating Tertiary,2010,3322,8.166990150844275e-05,2010/05/19 09:00:00
NL13,Heating Tertiary,2010,3323,7.427820137191808e-05,2010/05/19 10:00:00
NL13,Heating Tertiary,2010,3324,6.872700126938744e-05,2010/05/19 11:00:00
NL13,Heating Tertiary,2010,3325,6.491970119906662e-05,2010/05/19 12:00:00
NL13,Heating Tertiary,2010,3326,6.313550116611245e-05,2010/05/19 13:00:00
NL13,Heating Tertiary,2010,3327,6.313180116604411e-05,2010/05/19 14:00:00
NL13,Heating Tertiary,2010,3328,6.382680117888076e-05,2010/05/19 15:00:00
NL13,Heating Tertiary,2010,3329,6.405140118302913e-05,2010/05/19 16:00:00
NL13,Heating Tertiary,2010,3330,6.434170118839096e-05,2010/05/19 17:00:00
NL13,Heating Tertiary,2010,3331,6.569390121336608e-05,2010/05/19 18:00:00
NL13,Heating Tertiary,2010,3332,6.989040129087543e-05,2010/05/19 19:00:00
NL13,Heating Tertiary,2010,3333,7.834540144703925e-05,2010/05/19 20:00:00
NL13,Heating Tertiary,2010,3334,9.104950168168392e-05,2010/05/19 21:00:00
NL13,Heating Tertiary,2010,3335,0.000106220001961883,2010/05/19 22:00:00
NL13,Heating Tertiary,2010,3336,0.0001207550022303444,2010/05/19 23:00:00
NL13,Heating Tertiary,2010,3337,0.00010048600185597605,2010/05/20 00:00:00
NL13,Heating Tertiary,2010,3338,0.00010574100195303588,2010/05/20 01:00:00
NL13,Heating Tertiary,2010,3339,0.00010845100200308956,2010/05/20 02:00:00
NL13,Heating Tertiary,2010,3340,0.00010962800202482875,2010/05/20 03:00:00
NL13,Heating Tertiary,2010,3341,0.00010800200199479653,2010/05/20 04:00:00
NL13,Heating Tertiary,2010,3342,0.00010199700188388421,2010/05/20 05:00:00
NL13,Heating Tertiary,2010,3343,9.221230170316083e-05,2010/05/20 06:00:00
NL13,Heating Tertiary,2010,3344,8.07268014910237e-05,2010/05/20 07:00:00
NL13,Heating Tertiary,2010,3345,7.029150129828375e-05,2010/05/20 08:00:00
NL13,Heating Tertiary,2010,3346,6.212670114747991e-05,2010/05/20 09:00:00
NL13,Heating Tertiary,2010,3347,5.650390104362683e-05,2010/05/20 10:00:00
NL13,Heating Tertiary,2010,3348,5.228080096562618e-05,2010/05/20 11:00:00
NL13,Heating Tertiary,2010,3349,4.938470091213523e-05,2010/05/20 12:00:00
NL13,Heating Tertiary,2010,3350,4.80274008870659e-05,2010/05/20 13:00:00
NL13,Heating Tertiary,2010,3351,4.802490088701973e-05,2010/05/20 14:00:00
NL13,Heating Tertiary,2010,3352,4.855360089678481e-05,2010/05/20 15:00:00
NL13,Heating Tertiary,2010,3353,4.872440089993949e-05,2010/05/20 16:00:00
NL13,Heating Tertiary,2010,3354,4.8945000904013965e-05,2010/05/20 17:00:00
NL13,Heating Tertiary,2010,3355,4.99736009230122e-05,2010/05/20 18:00:00
NL13,Heating Tertiary,2010,3356,5.316610098197767e-05,2010/05/20 19:00:00
NL13,Heating Tertiary,2010,3357,5.959790110077299e-05,2010/05/20 20:00:00
NL13,Heating Tertiary,2010,3358,6.926230127927443e-05,2010/05/20 21:00:00
NL13,Heating Tertiary,2010,3359,8.080170149240709e-05,2010/05/20 22:00:00
NL13,Heating Tertiary,2010,3360,9.185890169663355e-05,2010/05/20 23:00:00
NL13,Heating Tertiary,2010,3361,6.95414012844294e-05,2010/05/21 00:00:00
NL13,Heating Tertiary,2010,3362,7.317850135160662e-05,2010/05/21 01:00:00
NL13,Heating Tertiary,2010,3363,7.505360138623972e-05,2010/05/21 02:00:00
NL13,Heating Tertiary,2010,3364,7.586870140129462e-05,2010/05/21 03:00:00
NL13,Heating Tertiary,2010,3365,7.474300138050293e-05,2010/05/21 04:00:00
NL13,Heating Tertiary,2010,3366,7.058730130374716e-05,2010/05/21 05:00:00
NL13,Heating Tertiary,2010,3367,6.381630117868682e-05,2010/05/21 06:00:00
NL13,Heating Tertiary,2010,3368,5.586700103186328e-05,2010/05/21 07:00:00
NL13,Heating Tertiary,2010,3369,4.864540089848036e-05,2010/05/21 08:00:00
NL13,Heating Tertiary,2010,3370,4.299510079411934e-05,2010/05/21 09:00:00
NL13,Heating Tertiary,2010,3371,3.91037007222452e-05,2010/05/21 10:00:00
NL13,Heating Tertiary,2010,3372,3.6181000668262935e-05,2010/05/21 11:00:00
NL13,Heating Tertiary,2010,3373,3.417680063124537e-05,2010/05/21 12:00:00
NL13,Heating Tertiary,2010,3374,3.323760061389835e-05,2010/05/21 13:00:00
NL13,Heating Tertiary,2010,3375,3.32358006138651e-05,2010/05/21 14:00:00
NL13,Heating Tertiary,2010,3376,3.360170062062328e-05,2010/05/21 15:00:00
NL13,Heating Tertiary,2010,3377,3.371990062280643e-05,2010/05/21 16:00:00
NL13,Heating Tertiary,2010,3378,3.387250062562495e-05,2010/05/21 17:00:00
NL13,Heating Tertiary,2010,3379,3.458440063877374e-05,2010/05/21 18:00:00
NL13,Heating Tertiary,2010,3380,3.6793800679581344e-05,2010/05/21 19:00:00
NL13,Heating Tertiary,2010,3381,4.124490076179315e-05,2010/05/21 20:00:00
NL13,Heating Tertiary,2010,3382,4.793300088532233e-05,2010/05/21 21:00:00
NL13,Heating Tertiary,2010,3383,5.591920103282741e-05,2010/05/21 22:00:00
NL13,Heating Tertiary,2010,3384,6.357120117415983e-05,2010/05/21 23:00:00
NL13,Heating Tertiary,2010,3385,8.972320165718717e-05,2010/05/22 00:00:00
NL13,Heating Tertiary,2010,3386,9.412710173852719e-05,2010/05/22 01:00:00
NL13,Heating Tertiary,2010,3387,9.675230178701462e-05,2010/05/22 02:00:00
NL13,Heating Tertiary,2010,3388,9.829390181548796e-05,2010/05/22 03:00:00
NL13,Heating Tertiary,2010,3389,9.724930179619421e-05,2010/05/22 04:00:00
NL13,Heating Tertiary,2010,3390,9.233790170548068e-05,2010/05/22 05:00:00
NL13,Heating Tertiary,2010,3391,8.404580155232561e-05,2010/05/22 06:00:00
NL13,Heating Tertiary,2010,3392,7.407640136819084e-05,2010/05/22 07:00:00
NL13,Heating Tertiary,2010,3393,6.433420118825243e-05,2010/05/22 08:00:00
NL13,Heating Tertiary,2010,3394,5.643850104241888e-05,2010/05/22 09:00:00
NL13,Heating Tertiary,2010,3395,5.080190093831091e-05,2010/05/22 10:00:00
NL13,Heating Tertiary,2010,3396,4.667830086214803e-05,2010/05/22 11:00:00
NL13,Heating Tertiary,2010,3397,4.370000080713884e-05,2010/05/22 12:00:00
NL13,Heating Tertiary,2010,3398,4.229930078126792e-05,2010/05/22 13:00:00
NL13,Heating Tertiary,2010,3399,4.239520078303919e-05,2010/05/22 14:00:00
NL13,Heating Tertiary,2010,3400,4.299880079418768e-05,2010/05/22 15:00:00
NL13,Heating Tertiary,2010,3401,4.3214000798162416e-05,2010/05/22 16:00:00
NL13,Heating Tertiary,2010,3402,4.315610079709301e-05,2010/05/22 17:00:00
NL13,Heating Tertiary,2010,3403,4.356960080473035e-05,2010/05/22 18:00:00
NL13,Heating Tertiary,2010,3404,4.583790084662584e-05,2010/05/22 19:00:00
NL13,Heating Tertiary,2010,3405,5.14936009510866e-05,2010/05/22 20:00:00
NL13,Heating Tertiary,2010,3406,6.052670111792792e-05,2010/05/22 21:00:00
NL13,Heating Tertiary,2010,3407,7.17365013249729e-05,2010/05/22 22:00:00
NL13,Heating Tertiary,2010,3408,8.203010151509564e-05,2010/05/22 23:00:00
NL13,Heating Tertiary,2010,3409,9.107790168220847e-05,2010/05/23 00:00:00
NL13,Heating Tertiary,2010,3410,9.683830178860304e-05,2010/05/23 01:00:00
NL13,Heating Tertiary,2010,3411,9.943140183649758e-05,2010/05/23 02:00:00
NL13,Heating Tertiary,2010,3412,0.00010048700185599451,2010/05/23 03:00:00
NL13,Heating Tertiary,2010,3413,9.899570182845021e-05,2010/05/23 04:00:00
NL13,Heating Tertiary,2010,3414,9.40052017362757e-05,2010/05/23 05:00:00
NL13,Heating Tertiary,2010,3415,8.578720158448926e-05,2010/05/23 06:00:00
NL13,Heating Tertiary,2010,3416,7.585570140105449e-05,2010/05/23 07:00:00
NL13,Heating Tertiary,2010,3417,6.636910122583704e-05,2010/05/23 08:00:00
NL13,Heating Tertiary,2010,3418,5.8962601089039005e-05,2010/05/23 09:00:00
NL13,Heating Tertiary,2010,3419,5.3889800995344405e-05,2010/05/23 10:00:00
NL13,Heating Tertiary,2010,3420,5.001410092376024e-05,2010/05/23 11:00:00
NL13,Heating Tertiary,2010,3421,4.694340086704442e-05,2010/05/23 12:00:00
NL13,Heating Tertiary,2010,3422,4.523080083541271e-05,2010/05/23 13:00:00
NL13,Heating Tertiary,2010,3423,4.4446300820922996e-05,2010/05/23 14:00:00
NL13,Heating Tertiary,2010,3424,4.413320081514004e-05,2010/05/23 15:00:00
NL13,Heating Tertiary,2010,3425,4.355500080446069e-05,2010/05/23 16:00:00
NL13,Heating Tertiary,2010,3426,4.330020079975453e-05,2010/05/23 17:00:00
NL13,Heating Tertiary,2010,3427,4.392920081137216e-05,2010/05/23 18:00:00
NL13,Heating Tertiary,2010,3428,4.6460500858125264e-05,2010/05/23 19:00:00
NL13,Heating Tertiary,2010,3429,5.1944700959418415e-05,2010/05/23 20:00:00
NL13,Heating Tertiary,2010,3430,6.029480111364474e-05,2010/05/23 21:00:00
NL13,Heating Tertiary,2010,3431,7.08825013091995e-05,2010/05/23 22:00:00
NL13,Heating Tertiary,2010,3432,8.195710151374733e-05,2010/05/23 23:00:00
NL13,Heating Tertiary,2010,3433,1.707720031541582e-05,2010/05/24 00:00:00
NL13,Heating Tertiary,2010,3434,1.8157200335363417e-05,2010/05/24 01:00:00
NL13,Heating Tertiary,2010,3435,1.8643300344341683e-05,2010/05/24 02:00:00
NL13,Heating Tertiary,2010,3436,1.884130034799874e-05,2010/05/24 03:00:00
NL13,Heating Tertiary,2010,3437,1.8561700342834528e-05,2010/05/24 04:00:00
NL13,Heating Tertiary,2010,3438,1.762590032555031e-05,2010/05/24 05:00:00
NL13,Heating Tertiary,2010,3439,1.6085100297091737e-05,2010/05/24 06:00:00
NL13,Heating Tertiary,2010,3440,1.422290026269691e-05,2010/05/24 07:00:00
NL13,Heating Tertiary,2010,3441,1.2444200229844328e-05,2010/05/24 08:00:00
NL13,Heating Tertiary,2010,3442,1.1055500204195043e-05,2010/05/24 09:00:00
NL13,Heating Tertiary,2010,3443,1.010440018662823e-05,2010/05/24 10:00:00
NL13,Heating Tertiary,2010,3444,9.377620173204607e-06,2010/05/24 11:00:00
NL13,Heating Tertiary,2010,3445,8.801890162570877e-06,2010/05/24 12:00:00
NL13,Heating Tertiary,2010,3446,8.480760156639607e-06,2010/05/24 13:00:00
NL13,Heating Tertiary,2010,3447,8.333720153923777e-06,2010/05/24 14:00:00
NL13,Heating Tertiary,2010,3448,8.27498015283885e-06,2010/05/24 15:00:00
NL13,Heating Tertiary,2010,3449,8.166560150836334e-06,2010/05/24 16:00:00
NL13,Heating Tertiary,2010,3450,8.118780149953837e-06,2010/05/24 17:00:00
NL13,Heating Tertiary,2010,3451,8.236740152132557e-06,2010/05/24 18:00:00
NL13,Heating Tertiary,2010,3452,8.711350160898602e-06,2010/05/24 19:00:00
NL13,Heating Tertiary,2010,3453,9.739660179891485e-06,2010/05/24 20:00:00
NL13,Heating Tertiary,2010,3454,1.130530020880885e-05,2010/05/24 21:00:00
NL13,Heating Tertiary,2010,3455,1.3290400245473639e-05,2010/05/24 22:00:00
NL13,Heating Tertiary,2010,3456,1.5366900283826585e-05,2010/05/24 23:00:00
NL13,Heating Tertiary,2010,3457,3.460440063914314e-05,2010/05/25 00:00:00
NL13,Heating Tertiary,2010,3458,3.641400067256645e-05,2010/05/25 01:00:00
NL13,Heating Tertiary,2010,3459,3.734720068980265e-05,2010/05/25 02:00:00
NL13,Heating Tertiary,2010,3460,3.775290069729592e-05,2010/05/25 03:00:00
NL13,Heating Tertiary,2010,3461,3.719280068695088e-05,2010/05/25 04:00:00
NL13,Heating Tertiary,2010,3462,3.512470064875308e-05,2010/05/25 05:00:00
NL13,Heating Tertiary,2010,3463,3.175530058652027e-05,2010/05/25 06:00:00
NL13,Heating Tertiary,2010,3464,2.7799800513462202e-05,2010/05/25 07:00:00
NL13,Heating Tertiary,2010,3465,2.420630044709027e-05,2010/05/25 08:00:00
NL13,Heating Tertiary,2010,3466,2.139470039516003e-05,2010/05/25 09:00:00
NL13,Heating Tertiary,2010,3467,1.945830035939473e-05,2010/05/25 10:00:00
NL13,Heating Tertiary,2010,3468,1.8003900332531968e-05,2010/05/25 11:00:00
NL13,Heating Tertiary,2010,3469,1.700660031411184e-05,2010/05/25 12:00:00
NL13,Heating Tertiary,2010,3470,1.653930030548081e-05,2010/05/25 13:00:00
NL13,Heating Tertiary,2010,3471,1.6538300305462338e-05,2010/05/25 14:00:00
NL13,Heating Tertiary,2010,3472,1.6720500308827572e-05,2010/05/25 15:00:00
NL13,Heating Tertiary,2010,3473,1.6779300309913608e-05,2010/05/25 16:00:00
NL13,Heating Tertiary,2010,3474,1.685530031131733e-05,2010/05/25 17:00:00
NL13,Heating Tertiary,2010,3475,1.720940031785755e-05,2010/05/25 18:00:00
NL13,Heating Tertiary,2010,3476,1.830880033816347e-05,2010/05/25 19:00:00
NL13,Heating Tertiary,2010,3477,2.052380037907451e-05,2010/05/25 20:00:00
NL13,Heating Tertiary,2010,3478,2.3851800440542657e-05,2010/05/25 21:00:00
NL13,Heating Tertiary,2010,3479,2.7825800513942425e-05,2010/05/25 22:00:00
NL13,Heating Tertiary,2010,3480,3.163350058427063e-05,2010/05/25 23:00:00
NL13,Heating Tertiary,2010,3481,0.00010048600185597605,2010/05/26 00:00:00
NL13,Heating Tertiary,2010,3482,0.00010574100195303588,2010/05/26 01:00:00
NL13,Heating Tertiary,2010,3483,0.00010845100200308956,2010/05/26 02:00:00
NL13,Heating Tertiary,2010,3484,0.00010962800202482875,2010/05/26 03:00:00
NL13,Heating Tertiary,2010,3485,0.00010800200199479653,2010/05/26 04:00:00
NL13,Heating Tertiary,2010,3486,0.00010199700188388421,2010/05/26 05:00:00
NL13,Heating Tertiary,2010,3487,9.221230170316083e-05,2010/05/26 06:00:00
NL13,Heating Tertiary,2010,3488,8.07268014910237e-05,2010/05/26 07:00:00
NL13,Heating Tertiary,2010,3489,7.029150129828375e-05,2010/05/26 08:00:00
NL13,Heating Tertiary,2010,3490,6.212670114747991e-05,2010/05/26 09:00:00
NL13,Heating Tertiary,2010,3491,5.650390104362683e-05,2010/05/26 10:00:00
NL13,Heating Tertiary,2010,3492,5.228080096562618e-05,2010/05/26 11:00:00
NL13,Heating Tertiary,2010,3493,4.938470091213523e-05,2010/05/26 12:00:00
NL13,Heating Tertiary,2010,3494,4.80274008870659e-05,2010/05/26 13:00:00
NL13,Heating Tertiary,2010,3495,4.802490088701973e-05,2010/05/26 14:00:00
NL13,Heating Tertiary,2010,3496,4.855360089678481e-05,2010/05/26 15:00:00
NL13,Heating Tertiary,2010,3497,4.872440089993949e-05,2010/05/26 16:00:00
NL13,Heating Tertiary,2010,3498,4.8945000904013965e-05,2010/05/26 17:00:00
NL13,Heating Tertiary,2010,3499,4.99736009230122e-05,2010/05/26 18:00:00
NL13,Heating Tertiary,2010,3500,5.316610098197767e-05,2010/05/26 19:00:00
NL13,Heating Tertiary,2010,3501,5.959790110077299e-05,2010/05/26 20:00:00
NL13,Heating Tertiary,2010,3502,6.926230127927443e-05,2010/05/26 21:00:00
NL13,Heating Tertiary,2010,3503,8.080170149240709e-05,2010/05/26 22:00:00
NL13,Heating Tertiary,2010,3504,9.185890169663355e-05,2010/05/26 23:00:00
NL13,Heating Tertiary,2010,3505,0.00013209600243981262,2010/05/27 00:00:00
NL13,Heating Tertiary,2010,3506,0.00013900400256740335,2010/05/27 01:00:00
NL13,Heating Tertiary,2010,3507,0.0001425660026331935,2010/05/27 02:00:00
NL13,Heating Tertiary,2010,3508,0.00014411500266180353,2010/05/27 03:00:00
NL13,Heating Tertiary,2010,3509,0.0001419760026222962,2010/05/27 04:00:00
NL13,Heating Tertiary,2010,3510,0.00013408200247649405,2010/05/27 05:00:00
NL13,Heating Tertiary,2010,3511,0.00012122000223893295,2010/05/27 06:00:00
NL13,Heating Tertiary,2010,3512,0.00010612100196005447,2010/05/27 07:00:00
NL13,Heating Tertiary,2010,3513,9.240290170668122e-05,2010/05/27 08:00:00
NL13,Heating Tertiary,2010,3514,8.166990150844275e-05,2010/05/27 09:00:00
NL13,Heating Tertiary,2010,3515,7.427820137191808e-05,2010/05/27 10:00:00
NL13,Heating Tertiary,2010,3516,6.872700126938744e-05,2010/05/27 11:00:00
NL13,Heating Tertiary,2010,3517,6.491970119906662e-05,2010/05/27 12:00:00
NL13,Heating Tertiary,2010,3518,6.313550116611245e-05,2010/05/27 13:00:00
NL13,Heating Tertiary,2010,3519,6.313180116604411e-05,2010/05/27 14:00:00
NL13,Heating Tertiary,2010,3520,6.382680117888076e-05,2010/05/27 15:00:00
NL13,Heating Tertiary,2010,3521,6.405140118302913e-05,2010/05/27 16:00:00
NL13,Heating Tertiary,2010,3522,6.434170118839096e-05,2010/05/27 17:00:00
NL13,Heating Tertiary,2010,3523,6.569390121336608e-05,2010/05/27 18:00:00
NL13,Heating Tertiary,2010,3524,6.989040129087543e-05,2010/05/27 19:00:00
NL13,Heating Tertiary,2010,3525,7.834540144703925e-05,2010/05/27 20:00:00
NL13,Heating Tertiary,2010,3526,9.104950168168392e-05,2010/05/27 21:00:00
NL13,Heating Tertiary,2010,3527,0.000106220001961883,2010/05/27 22:00:00
NL13,Heating Tertiary,2010,3528,0.0001207550022303444,2010/05/27 23:00:00
NL13,Heating Tertiary,2010,3529,0.00010048600185597605,2010/05/28 00:00:00
NL13,Heating Tertiary,2010,3530,0.00010574100195303588,2010/05/28 01:00:00
NL13,Heating Tertiary,2010,3531,0.00010845100200308956,2010/05/28 02:00:00
NL13,Heating Tertiary,2010,3532,0.00010962800202482875,2010/05/28 03:00:00
NL13,Heating Tertiary,2010,3533,0.00010800200199479653,2010/05/28 04:00:00
NL13,Heating Tertiary,2010,3534,0.00010199700188388421,2010/05/28 05:00:00
NL13,Heating Tertiary,2010,3535,9.221230170316083e-05,2010/05/28 06:00:00
NL13,Heating Tertiary,2010,3536,8.07268014910237e-05,2010/05/28 07:00:00
NL13,Heating Tertiary,2010,3537,7.029150129828375e-05,2010/05/28 08:00:00
NL13,Heating Tertiary,2010,3538,6.212670114747991e-05,2010/05/28 09:00:00
NL13,Heating Tertiary,2010,3539,5.650390104362683e-05,2010/05/28 10:00:00
NL13,Heating Tertiary,2010,3540,5.228080096562618e-05,2010/05/28 11:00:00
NL13,Heating Tertiary,2010,3541,4.938470091213523e-05,2010/05/28 12:00:00
NL13,Heating Tertiary,2010,3542,4.80274008870659e-05,2010/05/28 13:00:00
NL13,Heating Tertiary,2010,3543,4.802490088701973e-05,2010/05/28 14:00:00
NL13,Heating Tertiary,2010,3544,4.855360089678481e-05,2010/05/28 15:00:00
NL13,Heating Tertiary,2010,3545,4.872440089993949e-05,2010/05/28 16:00:00
NL13,Heating Tertiary,2010,3546,4.8945000904013965e-05,2010/05/28 17:00:00
NL13,Heating Tertiary,2010,3547,4.99736009230122e-05,2010/05/28 18:00:00
NL13,Heating Tertiary,2010,3548,5.316610098197767e-05,2010/05/28 19:00:00
NL13,Heating Tertiary,2010,3549,5.959790110077299e-05,2010/05/28 20:00:00
NL13,Heating Tertiary,2010,3550,6.926230127927443e-05,2010/05/28 21:00:00
NL13,Heating Tertiary,2010,3551,8.080170149240709e-05,2010/05/28 22:00:00
NL13,Heating Tertiary,2010,3552,9.185890169663355e-05,2010/05/28 23:00:00
NL13,Heating Tertiary,2010,3553,0.00010584500195495676,2010/05/29 00:00:00
NL13,Heating Tertiary,2010,3554,0.00011104100205092685,2010/05/29 01:00:00
NL13,Heating Tertiary,2010,3555,0.00011413800210812843,2010/05/29 02:00:00
NL13,Heating Tertiary,2010,3556,0.0001159560021417069,2010/05/29 03:00:00
NL13,Heating Tertiary,2010,3557,0.00011472400211895186,2010/05/29 04:00:00
NL13,Heating Tertiary,2010,3558,0.00010893000201193671,2010/05/29 05:00:00
NL13,Heating Tertiary,2010,3559,9.914790183126135e-05,2010/05/29 06:00:00
NL13,Heating Tertiary,2010,3560,8.738700161403757e-05,2010/05/29 07:00:00
NL13,Heating Tertiary,2010,3561,7.589400140176187e-05,2010/05/29 08:00:00
NL13,Heating Tertiary,2010,3562,6.657950122972312e-05,2010/05/29 09:00:00
NL13,Heating Tertiary,2010,3563,5.993030110691242e-05,2010/05/29 10:00:00
NL13,Heating Tertiary,2010,3564,5.5065801017065125e-05,2010/05/29 11:00:00
NL13,Heating Tertiary,2010,3565,5.155240095217264e-05,2010/05/29 12:00:00
NL13,Heating Tertiary,2010,3566,4.989990092165097e-05,2010/05/29 13:00:00
NL13,Heating Tertiary,2010,3567,5.001310092374177e-05,2010/05/29 14:00:00
NL13,Heating Tertiary,2010,3568,5.07251009368924e-05,2010/05/29 15:00:00
NL13,Heating Tertiary,2010,3569,5.097900094158194e-05,2010/05/29 16:00:00
NL13,Heating Tertiary,2010,3570,5.091080094032229e-05,2010/05/29 17:00:00
NL13,Heating Tertiary,2010,3571,5.1398500949330105e-05,2010/05/29 18:00:00
NL13,Heating Tertiary,2010,3572,5.407440099875396e-05,2010/05/29 19:00:00
NL13,Heating Tertiary,2010,3573,6.074640112198578e-05,2010/05/29 20:00:00
NL13,Heating Tertiary,2010,3574,7.140230131880021e-05,2010/05/29 21:00:00
NL13,Heating Tertiary,2010,3575,8.462690156305853e-05,2010/05/29 22:00:00
NL13,Heating Tertiary,2010,3576,9.677030178734709e-05,2010/05/29 23:00:00
NL13,Heating Tertiary,2010,3577,7.435680137336982e-05,2010/05/30 00:00:00
NL13,Heating Tertiary,2010,3578,7.905890146021758e-05,2010/05/30 01:00:00
NL13,Heating Tertiary,2010,3579,8.117610149932228e-05,2010/05/30 02:00:00
NL13,Heating Tertiary,2010,3580,8.203820151524525e-05,2010/05/30 03:00:00
NL13,Heating Tertiary,2010,3581,8.082080149275989e-05,2010/05/30 04:00:00
NL13,Heating Tertiary,2010,3582,7.674620141750203e-05,2010/05/30 05:00:00
NL13,Heating Tertiary,2010,3583,7.003710129358498e-05,2010/05/30 06:00:00
NL13,Heating Tertiary,2010,3584,6.192870114382286e-05,2010/05/30 07:00:00
NL13,Heating Tertiary,2010,3585,5.418420100078197e-05,2010/05/30 08:00:00
NL13,Heating Tertiary,2010,3586,4.813750088909945e-05,2010/05/30 09:00:00
NL13,Heating Tertiary,2010,3587,4.399590081260411e-05,2010/05/30 10:00:00
NL13,Heating Tertiary,2010,3588,4.0831800754163195e-05,2010/05/30 11:00:00
NL13,Heating Tertiary,2010,3589,3.832490070786076e-05,2010/05/30 12:00:00
NL13,Heating Tertiary,2010,3590,3.692680068203786e-05,2010/05/30 13:00:00
NL13,Heating Tertiary,2010,3591,3.628620067020598e-05,2010/05/30 14:00:00
NL13,Heating Tertiary,2010,3592,3.603060066548505e-05,2010/05/30 15:00:00
NL13,Heating Tertiary,2010,3593,3.555860065676721e-05,2010/05/30 16:00:00
NL13,Heating Tertiary,2010,3594,3.535060065292545e-05,2010/05/30 17:00:00
NL13,Heating Tertiary,2010,3595,3.586410066240979e-05,2010/05/30 18:00:00
NL13,Heating Tertiary,2010,3596,3.7930600700578036e-05,2010/05/30 19:00:00
NL13,Heating Tertiary,2010,3597,4.240790078327375e-05,2010/05/30 20:00:00
NL13,Heating Tertiary,2010,3598,4.9225000909185566e-05,2010/05/30 21:00:00
NL13,Heating Tertiary,2010,3599,5.7868601068832824e-05,2010/05/30 22:00:00
NL13,Heating Tertiary,2010,3600,6.691060123583854e-05,2010/05/30 23:00:00
NL13,Heating Tertiary,2010,3601,8.518010157327612e-05,2010/05/31 00:00:00
NL13,Heating Tertiary,2010,3602,8.963470165555256e-05,2010/05/31 01:00:00
NL13,Heating Tertiary,2010,3603,9.19320016979837e-05,2010/05/31 02:00:00
NL13,Heating Tertiary,2010,3604,9.293020171642044e-05,2010/05/31 03:00:00
NL13,Heating Tertiary,2010,3605,9.155140169095402e-05,2010/05/31 04:00:00
NL13,Heating Tertiary,2010,3606,8.646060159692696e-05,2010/05/31 05:00:00
NL13,Heating Tertiary,2010,3607,7.816710144374605e-05,2010/05/31 06:00:00
NL13,Heating Tertiary,2010,3608,6.843050126391107e-05,2010/05/31 07:00:00
NL13,Heating Tertiary,2010,3609,5.9584801100531036e-05,2010/05/31 08:00:00
NL13,Heating Tertiary,2010,3610,5.266390097270204e-05,2010/05/31 09:00:00
NL13,Heating Tertiary,2010,3611,4.7897300884662955e-05,2010/05/31 10:00:00
NL13,Heating Tertiary,2010,3612,4.431740081854221e-05,2010/05/31 11:00:00
NL13,Heating Tertiary,2010,3613,4.186250077320022e-05,2010/05/31 12:00:00
NL13,Heating Tertiary,2010,3614,4.071200075195049e-05,2010/05/31 13:00:00
NL13,Heating Tertiary,2010,3615,4.0709800751909854e-05,2010/05/31 14:00:00
NL13,Heating Tertiary,2010,3616,4.115800076018811e-05,2010/05/31 15:00:00
NL13,Heating Tertiary,2010,3617,4.130280076286256e-05,2010/05/31 16:00:00
NL13,Heating Tertiary,2010,3618,4.148980076631645e-05,2010/05/31 17:00:00
NL13,Heating Tertiary,2010,3619,4.236180078242229e-05,2010/05/31 18:00:00
NL13,Heating Tertiary,2010,3620,4.5067900832403946e-05,2010/05/31 19:00:00
NL13,Heating Tertiary,2010,3621,5.052000093310422e-05,2010/05/31 20:00:00
NL13,Heating Tertiary,2010,3622,5.871220108441412e-05,2010/05/31 21:00:00
NL13,Heating Tertiary,2010,3623,6.849430126508947e-05,2010/05/31 22:00:00
NL13,Heating Tertiary,2010,3624,7.78670014382032e-05,2010/05/31 23:00:00
NL13,Heating Tertiary,2010,3625,8.518010157327612e-05,2010/06/01 00:00:00
NL13,Heating Tertiary,2010,3626,8.963470165555256e-05,2010/06/01 01:00:00
NL13,Heating Tertiary,2010,3627,9.19320016979837e-05,2010/06/01 02:00:00
NL13,Heating Tertiary,2010,3628,9.293020171642044e-05,2010/06/01 03:00:00
NL13,Heating Tertiary,2010,3629,9.155140169095402e-05,2010/06/01 04:00:00
NL13,Heating Tertiary,2010,3630,8.646060159692696e-05,2010/06/01 05:00:00
NL13,Heating Tertiary,2010,3631,7.816710144374605e-05,2010/06/01 06:00:00
NL13,Heating Tertiary,2010,3632,6.843050126391107e-05,2010/06/01 07:00:00
NL13,Heating Tertiary,2010,3633,5.9584801100531036e-05,2010/06/01 08:00:00
NL13,Heating Tertiary,2010,3634,5.266390097270204e-05,2010/06/01 09:00:00
NL13,Heating Tertiary,2010,3635,4.7897300884662955e-05,2010/06/01 10:00:00
NL13,Heating Tertiary,2010,3636,4.431740081854221e-05,2010/06/01 11:00:00
NL13,Heating Tertiary,2010,3637,4.186250077320022e-05,2010/06/01 12:00:00
NL13,Heating Tertiary,2010,3638,4.071200075195049e-05,2010/06/01 13:00:00
NL13,Heating Tertiary,2010,3639,4.0709800751909854e-05,2010/06/01 14:00:00
NL13,Heating Tertiary,2010,3640,4.115800076018811e-05,2010/06/01 15:00:00
NL13,Heating Tertiary,2010,3641,4.130280076286256e-05,2010/06/01 16:00:00
NL13,Heating Tertiary,2010,3642,4.148980076631645e-05,2010/06/01 17:00:00
NL13,Heating Tertiary,2010,3643,4.236180078242229e-05,2010/06/01 18:00:00
NL13,Heating Tertiary,2010,3644,4.5067900832403946e-05,2010/06/01 19:00:00
NL13,Heating Tertiary,2010,3645,5.052000093310422e-05,2010/06/01 20:00:00
NL13,Heating Tertiary,2010,3646,5.871220108441412e-05,2010/06/01 21:00:00
NL13,Heating Tertiary,2010,3647,6.849430126508947e-05,2010/06/01 22:00:00
NL13,Heating Tertiary,2010,3648,7.78670014382032e-05,2010/06/01 23:00:00
NL13,Heating Tertiary,2010,3649,5.4568501007879995e-05,2010/06/02 00:00:00
NL13,Heating Tertiary,2010,3650,5.742210106058597e-05,2010/06/02 01:00:00
NL13,Heating Tertiary,2010,3651,5.889370108776642e-05,2010/06/02 02:00:00
NL13,Heating Tertiary,2010,3652,5.953350109958352e-05,2010/06/02 03:00:00
NL13,Heating Tertiary,2010,3653,5.865010108326713e-05,2010/06/02 04:00:00
NL13,Heating Tertiary,2010,3654,5.5389001023034624e-05,2010/06/02 05:00:00
NL13,Heating Tertiary,2010,3655,5.007570092489799e-05,2010/06/02 06:00:00
NL13,Heating Tertiary,2010,3656,4.383830080969323e-05,2010/06/02 07:00:00
NL13,Heating Tertiary,2010,3657,3.8171500705027466e-05,2010/06/02 08:00:00
NL13,Heating Tertiary,2010,3658,3.373780062313704e-05,2010/06/02 09:00:00
NL13,Heating Tertiary,2010,3659,3.068420056673706e-05,2010/06/02 10:00:00
NL13,Heating Tertiary,2010,3660,2.8390900524379815e-05,2010/06/02 11:00:00
NL13,Heating Tertiary,2010,3661,2.6818200495332054e-05,2010/06/02 12:00:00
NL13,Heating Tertiary,2010,3662,2.608110048171782e-05,2010/06/02 13:00:00
NL13,Heating Tertiary,2010,3663,2.607970048169196e-05,2010/06/02 14:00:00
NL13,Heating Tertiary,2010,3664,2.6366900486996545e-05,2010/06/02 15:00:00
NL13,Heating Tertiary,2010,3665,2.6459600488708713e-05,2010/06/02 16:00:00
NL13,Heating Tertiary,2010,3666,2.657940049092142e-05,2010/06/02 17:00:00
NL13,Heating Tertiary,2010,3667,2.713800050123876e-05,2010/06/02 18:00:00
NL13,Heating Tertiary,2010,3668,2.8871700533260193e-05,2010/06/02 19:00:00
NL13,Heating Tertiary,2010,3669,3.236440059777035e-05,2010/06/02 20:00:00
NL13,Heating Tertiary,2010,3670,3.761250069470273e-05,2010/06/02 21:00:00
NL13,Heating Tertiary,2010,3671,4.387920081044866e-05,2010/06/02 22:00:00
NL13,Heating Tertiary,2010,3672,4.988370092135175e-05,2010/06/02 23:00:00
NL13,Heating Tertiary,2010,3673,5.4568501007879995e-05,2010/06/03 00:00:00
NL13,Heating Tertiary,2010,3674,5.742210106058597e-05,2010/06/03 01:00:00
NL13,Heating Tertiary,2010,3675,5.889370108776642e-05,2010/06/03 02:00:00
NL13,Heating Tertiary,2010,3676,5.953350109958352e-05,2010/06/03 03:00:00
NL13,Heating Tertiary,2010,3677,5.865010108326713e-05,2010/06/03 04:00:00
NL13,Heating Tertiary,2010,3678,5.5389001023034624e-05,2010/06/03 05:00:00
NL13,Heating Tertiary,2010,3679,5.007570092489799e-05,2010/06/03 06:00:00
NL13,Heating Tertiary,2010,3680,4.383830080969323e-05,2010/06/03 07:00:00
NL13,Heating Tertiary,2010,3681,3.8171500705027466e-05,2010/06/03 08:00:00
NL13,Heating Tertiary,2010,3682,3.373780062313704e-05,2010/06/03 09:00:00
NL13,Heating Tertiary,2010,3683,3.068420056673706e-05,2010/06/03 10:00:00
NL13,Heating Tertiary,2010,3684,2.8390900524379815e-05,2010/06/03 11:00:00
NL13,Heating Tertiary,2010,3685,2.6818200495332054e-05,2010/06/03 12:00:00
NL13,Heating Tertiary,2010,3686,2.608110048171782e-05,2010/06/03 13:00:00
NL13,Heating Tertiary,2010,3687,2.607970048169196e-05,2010/06/03 14:00:00
NL13,Heating Tertiary,2010,3688,2.6366900486996545e-05,2010/06/03 15:00:00
NL13,Heating Tertiary,2010,3689,2.6459600488708713e-05,2010/06/03 16:00:00
NL13,Heating Tertiary,2010,3690,2.657940049092142e-05,2010/06/03 17:00:00
NL13,Heating Tertiary,2010,3691,2.713800050123876e-05,2010/06/03 18:00:00
NL13,Heating Tertiary,2010,3692,2.8871700533260193e-05,2010/06/03 19:00:00
NL13,Heating Tertiary,2010,3693,3.236440059777035e-05,2010/06/03 20:00:00
NL13,Heating Tertiary,2010,3694,3.761250069470273e-05,2010/06/03 21:00:00
NL13,Heating Tertiary,2010,3695,4.387920081044866e-05,2010/06/03 22:00:00
NL13,Heating Tertiary,2010,3696,4.988370092135175e-05,2010/06/03 23:00:00
NL13,Heating Tertiary,2010,3697,5.4568501007879995e-05,2010/06/04 00:00:00
NL13,Heating Tertiary,2010,3698,5.742210106058597e-05,2010/06/04 01:00:00
NL13,Heating Tertiary,2010,3699,5.889370108776642e-05,2010/06/04 02:00:00
NL13,Heating Tertiary,2010,3700,5.953350109958352e-05,2010/06/04 03:00:00
NL13,Heating Tertiary,2010,3701,5.865010108326713e-05,2010/06/04 04:00:00
NL13,Heating Tertiary,2010,3702,5.5389001023034624e-05,2010/06/04 05:00:00
NL13,Heating Tertiary,2010,3703,5.007570092489799e-05,2010/06/04 06:00:00
NL13,Heating Tertiary,2010,3704,4.383830080969323e-05,2010/06/04 07:00:00
NL13,Heating Tertiary,2010,3705,3.8171500705027466e-05,2010/06/04 08:00:00
NL13,Heating Tertiary,2010,3706,3.373780062313704e-05,2010/06/04 09:00:00
NL13,Heating Tertiary,2010,3707,3.068420056673706e-05,2010/06/04 10:00:00
NL13,Heating Tertiary,2010,3708,2.8390900524379815e-05,2010/06/04 11:00:00
NL13,Heating Tertiary,2010,3709,2.6818200495332054e-05,2010/06/04 12:00:00
NL13,Heating Tertiary,2010,3710,2.608110048171782e-05,2010/06/04 13:00:00
NL13,Heating Tertiary,2010,3711,2.607970048169196e-05,2010/06/04 14:00:00
NL13,Heating Tertiary,2010,3712,2.6366900486996545e-05,2010/06/04 15:00:00
NL13,Heating Tertiary,2010,3713,2.6459600488708713e-05,2010/06/04 16:00:00
NL13,Heating Tertiary,2010,3714,2.657940049092142e-05,2010/06/04 17:00:00
NL13,Heating Tertiary,2010,3715,2.713800050123876e-05,2010/06/04 18:00:00
NL13,Heating Tertiary,2010,3716,2.8871700533260193e-05,2010/06/04 19:00:00
NL13,Heating Tertiary,2010,3717,3.236440059777035e-05,2010/06/04 20:00:00
NL13,Heating Tertiary,2010,3718,3.761250069470273e-05,2010/06/04 21:00:00
NL13,Heating Tertiary,2010,3719,4.387920081044866e-05,2010/06/04 22:00:00
NL13,Heating Tertiary,2010,3720,4.988370092135175e-05,2010/06/04 23:00:00
NL13,Heating Tertiary,2010,3721,5.747880106163322e-05,2010/06/05 00:00:00
NL13,Heating Tertiary,2010,3722,6.030030111374632e-05,2010/06/05 01:00:00
NL13,Heating Tertiary,2010,3723,6.198190114480547e-05,2010/06/05 02:00:00
NL13,Heating Tertiary,2010,3724,6.296960116304828e-05,2010/06/05 03:00:00
NL13,Heating Tertiary,2010,3725,6.230000115068077e-05,2010/06/05 04:00:00
NL13,Heating Tertiary,2010,3726,5.915400109257416e-05,2010/06/05 05:00:00
NL13,Heating Tertiary,2010,3727,5.384190099445969e-05,2010/06/05 06:00:00
NL13,Heating Tertiary,2010,3728,4.745530087649922e-05,2010/06/05 07:00:00
NL13,Heating Tertiary,2010,3729,4.121400076122243e-05,2010/06/05 08:00:00
NL13,Heating Tertiary,2010,3730,3.615590066779934e-05,2010/06/05 09:00:00
NL13,Heating Tertiary,2010,3731,3.254490060110418e-05,2010/06/05 10:00:00
NL13,Heating Tertiary,2010,3732,2.9903200552311992e-05,2010/06/05 11:00:00
NL13,Heating Tertiary,2010,3733,2.7995300517073088e-05,2010/06/05 12:00:00
NL13,Heating Tertiary,2010,3734,2.7098000500499968e-05,2010/06/05 13:00:00
NL13,Heating Tertiary,2010,3735,2.715940050163402e-05,2010/06/05 14:00:00
NL13,Heating Tertiary,2010,3736,2.7546000508774518e-05,2010/06/05 15:00:00
NL13,Heating Tertiary,2010,3737,2.768400051132338e-05,2010/06/05 16:00:00
NL13,Heating Tertiary,2010,3738,2.764690051063814e-05,2010/06/05 17:00:00
NL13,Heating Tertiary,2010,3739,2.791180051553084e-05,2010/06/05 18:00:00
NL13,Heating Tertiary,2010,3740,2.9364900542369593e-05,2010/06/05 19:00:00
NL13,Heating Tertiary,2010,3741,3.298810060929009e-05,2010/06/05 20:00:00
NL13,Heating Tertiary,2010,3742,3.877490071617226e-05,2010/06/05 21:00:00
NL13,Heating Tertiary,2010,3743,4.595620084881085e-05,2010/06/05 22:00:00
NL13,Heating Tertiary,2010,3744,5.255060097060939e-05,2010/06/05 23:00:00
NL13,Heating Tertiary,2010,3745,3.70005006833991e-05,2010/06/06 00:00:00
NL13,Heating Tertiary,2010,3746,3.9340500726618886e-05,2010/06/06 01:00:00
NL13,Heating Tertiary,2010,3747,4.039400074607703e-05,2010/06/06 02:00:00
NL13,Heating Tertiary,2010,3748,4.082270075399512e-05,2010/06/06 03:00:00
NL13,Heating Tertiary,2010,3749,4.021700074280784e-05,2010/06/06 04:00:00
NL13,Heating Tertiary,2010,3750,3.818960070536177e-05,2010/06/06 05:00:00
NL13,Heating Tertiary,2010,3751,3.485110064369969e-05,2010/06/06 06:00:00
NL13,Heating Tertiary,2010,3752,3.081630056917695e-05,2010/06/06 07:00:00
NL13,Heating Tertiary,2010,3753,2.6962500497997275e-05,2010/06/06 08:00:00
NL13,Heating Tertiary,2010,3754,2.3953500442421053e-05,2010/06/06 09:00:00
NL13,Heating Tertiary,2010,3755,2.1892700404358087e-05,2010/06/06 10:00:00
NL13,Heating Tertiary,2010,3756,2.0318200375277078e-05,2010/06/06 11:00:00
NL13,Heating Tertiary,2010,3757,1.9070800352237605e-05,2010/06/06 12:00:00
NL13,Heating Tertiary,2010,3758,1.8375000339386183e-05,2010/06/06 13:00:00
NL13,Heating Tertiary,2010,3759,1.8056300333499794e-05,2010/06/06 14:00:00
NL13,Heating Tertiary,2010,3760,1.7929100331150408e-05,2010/06/06 15:00:00
NL13,Heating Tertiary,2010,3761,1.7694200326811807e-05,2010/06/06 16:00:00
NL13,Heating Tertiary,2010,3762,1.7590700324900162e-05,2010/06/06 17:00:00
NL13,Heating Tertiary,2010,3763,1.7846200329619248e-05,2010/06/06 18:00:00
NL13,Heating Tertiary,2010,3764,1.887460034861379e-05,2010/06/06 19:00:00
NL13,Heating Tertiary,2010,3765,2.1102500389763095e-05,2010/06/06 20:00:00
NL13,Heating Tertiary,2010,3766,2.449470045241702e-05,2010/06/06 21:00:00
NL13,Heating Tertiary,2010,3767,2.8795900531860166e-05,2010/06/06 22:00:00
NL13,Heating Tertiary,2010,3768,3.329510061496037e-05,2010/06/06 23:00:00
NL13,Heating Tertiary,2010,3769,1.597130029498985e-05,2010/06/07 00:00:00
NL13,Heating Tertiary,2010,3770,1.6806500310415992e-05,2010/06/07 01:00:00
NL13,Heating Tertiary,2010,3771,1.7237200318371023e-05,2010/06/07 02:00:00
NL13,Heating Tertiary,2010,3772,1.7424400321828602e-05,2010/06/07 03:00:00
NL13,Heating Tertiary,2010,3773,1.716590031705411e-05,2010/06/07 04:00:00
NL13,Heating Tertiary,2010,3774,1.62114002994245e-05,2010/06/07 05:00:00
NL13,Heating Tertiary,2010,3775,1.4656300270701807e-05,2010/06/07 06:00:00
NL13,Heating Tertiary,2010,3776,1.2830700236982982e-05,2010/06/07 07:00:00
NL13,Heating Tertiary,2010,3777,1.1172100206348645e-05,2010/06/07 08:00:00
NL13,Heating Tertiary,2010,3778,9.874510182382164e-06,2010/06/07 09:00:00
NL13,Heating Tertiary,2010,3779,8.980740165874231e-06,2010/06/07 10:00:00
NL13,Heating Tertiary,2010,3780,8.309520153476802e-06,2010/06/07 11:00:00
NL13,Heating Tertiary,2010,3781,7.849200144974694e-06,2010/06/07 12:00:00
NL13,Heating Tertiary,2010,3782,7.633530140991271e-06,2010/06/07 13:00:00
NL13,Heating Tertiary,2010,3783,7.633100140983328e-06,2010/06/07 14:00:00
NL13,Heating Tertiary,2010,3784,7.717140142535547e-06,2010/06/07 15:00:00
NL13,Heating Tertiary,2010,3785,7.744310143037377e-06,2010/06/07 16:00:00
NL13,Heating Tertiary,2010,3786,7.779330143684197e-06,2010/06/07 17:00:00
NL13,Heating Tertiary,2010,3787,7.942840146704223e-06,2010/06/07 18:00:00
NL13,Heating Tertiary,2010,3788,8.450250156076086e-06,2010/06/07 19:00:00
NL13,Heating Tertiary,2010,3789,9.472490174956856e-06,2010/06/07 20:00:00
NL13,Heating Tertiary,2010,3790,1.1008500203326954e-05,2010/06/07 21:00:00
NL13,Heating Tertiary,2010,3791,1.2842700237204623e-05,2010/06/07 22:00:00
NL13,Heating Tertiary,2010,3792,1.4600100269663792e-05,2010/06/07 23:00:00
NL13,Heating Tertiary,2010,3793,5.4568501007879995e-05,2010/06/08 00:00:00
NL13,Heating Tertiary,2010,3794,5.742210106058597e-05,2010/06/08 01:00:00
NL13,Heating Tertiary,2010,3795,5.889370108776642e-05,2010/06/08 02:00:00
NL13,Heating Tertiary,2010,3796,5.953350109958352e-05,2010/06/08 03:00:00
NL13,Heating Tertiary,2010,3797,5.865010108326713e-05,2010/06/08 04:00:00
NL13,Heating Tertiary,2010,3798,5.5389001023034624e-05,2010/06/08 05:00:00
NL13,Heating Tertiary,2010,3799,5.007570092489799e-05,2010/06/08 06:00:00
NL13,Heating Tertiary,2010,3800,4.383830080969323e-05,2010/06/08 07:00:00
NL13,Heating Tertiary,2010,3801,3.8171500705027466e-05,2010/06/08 08:00:00
NL13,Heating Tertiary,2010,3802,3.373780062313704e-05,2010/06/08 09:00:00
NL13,Heating Tertiary,2010,3803,3.068420056673706e-05,2010/06/08 10:00:00
NL13,Heating Tertiary,2010,3804,2.8390900524379815e-05,2010/06/08 11:00:00
NL13,Heating Tertiary,2010,3805,2.6818200495332054e-05,2010/06/08 12:00:00
NL13,Heating Tertiary,2010,3806,2.608110048171782e-05,2010/06/08 13:00:00
NL13,Heating Tertiary,2010,3807,2.607970048169196e-05,2010/06/08 14:00:00
NL13,Heating Tertiary,2010,3808,2.6366900486996545e-05,2010/06/08 15:00:00
NL13,Heating Tertiary,2010,3809,2.6459600488708713e-05,2010/06/08 16:00:00
NL13,Heating Tertiary,2010,3810,2.657940049092142e-05,2010/06/08 17:00:00
NL13,Heating Tertiary,2010,3811,2.713800050123876e-05,2010/06/08 18:00:00
NL13,Heating Tertiary,2010,3812,2.8871700533260193e-05,2010/06/08 19:00:00
NL13,Heating Tertiary,2010,3813,3.236440059777035e-05,2010/06/08 20:00:00
NL13,Heating Tertiary,2010,3814,3.761250069470273e-05,2010/06/08 21:00:00
NL13,Heating Tertiary,2010,3815,4.387920081044866e-05,2010/06/08 22:00:00
NL13,Heating Tertiary,2010,3816,4.988370092135175e-05,2010/06/08 23:00:00
NL13,Heating Tertiary,2010,3817,1.597130029498985e-05,2010/06/09 00:00:00
NL13,Heating Tertiary,2010,3818,1.6806500310415992e-05,2010/06/09 01:00:00
NL13,Heating Tertiary,2010,3819,1.7237200318371023e-05,2010/06/09 02:00:00
NL13,Heating Tertiary,2010,3820,1.7424400321828602e-05,2010/06/09 03:00:00
NL13,Heating Tertiary,2010,3821,1.716590031705411e-05,2010/06/09 04:00:00
NL13,Heating Tertiary,2010,3822,1.62114002994245e-05,2010/06/09 05:00:00
NL13,Heating Tertiary,2010,3823,1.4656300270701807e-05,2010/06/09 06:00:00
NL13,Heating Tertiary,2010,3824,1.2830700236982982e-05,2010/06/09 07:00:00
NL13,Heating Tertiary,2010,3825,1.1172100206348645e-05,2010/06/09 08:00:00
NL13,Heating Tertiary,2010,3826,9.874510182382164e-06,2010/06/09 09:00:00
NL13,Heating Tertiary,2010,3827,8.980740165874231e-06,2010/06/09 10:00:00
NL13,Heating Tertiary,2010,3828,8.309520153476802e-06,2010/06/09 11:00:00
NL13,Heating Tertiary,2010,3829,7.849200144974694e-06,2010/06/09 12:00:00
NL13,Heating Tertiary,2010,3830,7.633530140991271e-06,2010/06/09 13:00:00
NL13,Heating Tertiary,2010,3831,7.633100140983328e-06,2010/06/09 14:00:00
NL13,Heating Tertiary,2010,3832,7.717140142535547e-06,2010/06/09 15:00:00
NL13,Heating Tertiary,2010,3833,7.744310143037377e-06,2010/06/09 16:00:00
NL13,Heating Tertiary,2010,3834,7.779330143684197e-06,2010/06/09 17:00:00
NL13,Heating Tertiary,2010,3835,7.942840146704223e-06,2010/06/09 18:00:00
NL13,Heating Tertiary,2010,3836,8.450250156076086e-06,2010/06/09 19:00:00
NL13,Heating Tertiary,2010,3837,9.472490174956856e-06,2010/06/09 20:00:00
NL13,Heating Tertiary,2010,3838,1.1008500203326954e-05,2010/06/09 21:00:00
NL13,Heating Tertiary,2010,3839,1.2842700237204623e-05,2010/06/09 22:00:00
NL13,Heating Tertiary,2010,3840,1.4600100269663792e-05,2010/06/09 23:00:00
NL13,Heating Tertiary,2010,3841,1.597130029498985e-05,2010/06/10 00:00:00
NL13,Heating Tertiary,2010,3842,1.6806500310415992e-05,2010/06/10 01:00:00
NL13,Heating Tertiary,2010,3843,1.7237200318371023e-05,2010/06/10 02:00:00
NL13,Heating Tertiary,2010,3844,1.7424400321828602e-05,2010/06/10 03:00:00
NL13,Heating Tertiary,2010,3845,1.716590031705411e-05,2010/06/10 04:00:00
NL13,Heating Tertiary,2010,3846,1.62114002994245e-05,2010/06/10 05:00:00
NL13,Heating Tertiary,2010,3847,1.4656300270701807e-05,2010/06/10 06:00:00
NL13,Heating Tertiary,2010,3848,1.2830700236982982e-05,2010/06/10 07:00:00
NL13,Heating Tertiary,2010,3849,1.1172100206348645e-05,2010/06/10 08:00:00
NL13,Heating Tertiary,2010,3850,9.874510182382164e-06,2010/06/10 09:00:00
NL13,Heating Tertiary,2010,3851,8.980740165874231e-06,2010/06/10 10:00:00
NL13,Heating Tertiary,2010,3852,8.309520153476802e-06,2010/06/10 11:00:00
NL13,Heating Tertiary,2010,3853,7.849200144974694e-06,2010/06/10 12:00:00
NL13,Heating Tertiary,2010,3854,7.633530140991271e-06,2010/06/10 13:00:00
NL13,Heating Tertiary,2010,3855,7.633100140983328e-06,2010/06/10 14:00:00
NL13,Heating Tertiary,2010,3856,7.717140142535547e-06,2010/06/10 15:00:00
NL13,Heating Tertiary,2010,3857,7.744310143037377e-06,2010/06/10 16:00:00
NL13,Heating Tertiary,2010,3858,7.779330143684197e-06,2010/06/10 17:00:00
NL13,Heating Tertiary,2010,3859,7.942840146704223e-06,2010/06/10 18:00:00
NL13,Heating Tertiary,2010,3860,8.450250156076086e-06,2010/06/10 19:00:00
NL13,Heating Tertiary,2010,3861,9.472490174956856e-06,2010/06/10 20:00:00
NL13,Heating Tertiary,2010,3862,1.1008500203326954e-05,2010/06/10 21:00:00
NL13,Heating Tertiary,2010,3863,1.2842700237204623e-05,2010/06/10 22:00:00
NL13,Heating Tertiary,2010,3864,1.4600100269663792e-05,2010/06/10 23:00:00
NL13,Heating Tertiary,2010,3865,1.597130029498985e-05,2010/06/11 00:00:00
NL13,Heating Tertiary,2010,3866,1.6806500310415992e-05,2010/06/11 01:00:00
NL13,Heating Tertiary,2010,3867,1.7237200318371023e-05,2010/06/11 02:00:00
NL13,Heating Tertiary,2010,3868,1.7424400321828602e-05,2010/06/11 03:00:00
NL13,Heating Tertiary,2010,3869,1.716590031705411e-05,2010/06/11 04:00:00
NL13,Heating Tertiary,2010,3870,1.62114002994245e-05,2010/06/11 05:00:00
NL13,Heating Tertiary,2010,3871,1.4656300270701807e-05,2010/06/11 06:00:00
NL13,Heating Tertiary,2010,3872,1.2830700236982982e-05,2010/06/11 07:00:00
NL13,Heating Tertiary,2010,3873,1.1172100206348645e-05,2010/06/11 08:00:00
NL13,Heating Tertiary,2010,3874,9.874510182382164e-06,2010/06/11 09:00:00
NL13,Heating Tertiary,2010,3875,8.980740165874231e-06,2010/06/11 10:00:00
NL13,Heating Tertiary,2010,3876,8.309520153476802e-06,2010/06/11 11:00:00
NL13,Heating Tertiary,2010,3877,7.849200144974694e-06,2010/06/11 12:00:00
NL13,Heating Tertiary,2010,3878,7.633530140991271e-06,2010/06/11 13:00:00
NL13,Heating Tertiary,2010,3879,7.633100140983328e-06,2010/06/11 14:00:00
NL13,Heating Tertiary,2010,3880,7.717140142535547e-06,2010/06/11 15:00:00
NL13,Heating Tertiary,2010,3881,7.744310143037377e-06,2010/06/11 16:00:00
NL13,Heating Tertiary,2010,3882,7.779330143684197e-06,2010/06/11 17:00:00
NL13,Heating Tertiary,2010,3883,7.942840146704223e-06,2010/06/11 18:00:00
NL13,Heating Tertiary,2010,3884,8.450250156076086e-06,2010/06/11 19:00:00
NL13,Heating Tertiary,2010,3885,9.472490174956856e-06,2010/06/11 20:00:00
NL13,Heating Tertiary,2010,3886,1.1008500203326954e-05,2010/06/11 21:00:00
NL13,Heating Tertiary,2010,3887,1.2842700237204623e-05,2010/06/11 22:00:00
NL13,Heating Tertiary,2010,3888,1.4600100269663792e-05,2010/06/11 23:00:00
NL13,Heating Tertiary,2010,3889,1.6823100310722593e-05,2010/06/12 00:00:00
NL13,Heating Tertiary,2010,3890,1.7648900325975117e-05,2010/06/12 01:00:00
NL13,Heating Tertiary,2010,3891,1.8141000335064202e-05,2010/06/12 02:00:00
NL13,Heating Tertiary,2010,3892,1.8430100340403878e-05,2010/06/12 03:00:00
NL13,Heating Tertiary,2010,3893,1.8234200336785608e-05,2010/06/12 04:00:00
NL13,Heating Tertiary,2010,3894,1.7313300319776587e-05,2010/06/12 05:00:00
NL13,Heating Tertiary,2010,3895,1.575860029106128e-05,2010/06/12 06:00:00
NL13,Heating Tertiary,2010,3896,1.388930025653532e-05,2010/06/12 07:00:00
NL13,Heating Tertiary,2010,3897,1.2062600222796178e-05,2010/06/12 08:00:00
NL13,Heating Tertiary,2010,3898,1.0582200195453195e-05,2010/06/12 09:00:00
NL13,Heating Tertiary,2010,3899,9.525340175932995e-06,2010/06/12 10:00:00
NL13,Heating Tertiary,2010,3900,8.752190161652916e-06,2010/06/12 11:00:00
NL13,Heating Tertiary,2010,3901,8.193730151338163e-06,2010/06/12 12:00:00
NL13,Heating Tertiary,2010,3902,7.931140146488125e-06,2010/06/12 13:00:00
NL13,Heating Tertiary,2010,3903,7.949090146819662e-06,2010/06/12 14:00:00
NL13,Heating Tertiary,2010,3904,8.06228014891028e-06,2010/06/12 15:00:00
NL13,Heating Tertiary,2010,3905,8.102630149655546e-06,2010/06/12 16:00:00
NL13,Heating Tertiary,2010,3906,8.091800149455515e-06,2010/06/12 17:00:00
NL13,Heating Tertiary,2010,3907,8.169280150886572e-06,2010/06/12 18:00:00
NL13,Heating Tertiary,2010,3908,8.594630158742785e-06,2010/06/12 19:00:00
NL13,Heating Tertiary,2010,3909,9.655060178328924e-06,2010/06/12 20:00:00
NL13,Heating Tertiary,2010,3910,1.1348800209612295e-05,2010/06/12 21:00:00
NL13,Heating Tertiary,2010,3911,1.3450600248432532e-05,2010/06/12 22:00:00
NL13,Heating Tertiary,2010,3912,1.538070028408147e-05,2010/06/12 23:00:00
NL13,Heating Tertiary,2010,3913,5.8347001077668874e-05,2010/06/13 00:00:00
NL13,Heating Tertiary,2010,3914,6.203700114582316e-05,2010/06/13 01:00:00
NL13,Heating Tertiary,2010,3915,6.369810117650367e-05,2010/06/13 02:00:00
NL13,Heating Tertiary,2010,3916,6.437450118899678e-05,2010/06/13 03:00:00
NL13,Heating Tertiary,2010,3917,6.341890117134685e-05,2010/06/13 04:00:00
NL13,Heating Tertiary,2010,3918,6.022200111230012e-05,2010/06/13 05:00:00
NL13,Heating Tertiary,2010,3919,5.495760101506667e-05,2010/06/13 06:00:00
NL13,Heating Tertiary,2010,3920,4.8594900897547625e-05,2010/06/13 07:00:00
NL13,Heating Tertiary,2010,3921,4.2517800785303607e-05,2010/06/13 08:00:00
NL13,Heating Tertiary,2010,3922,3.777290069766532e-05,2010/06/13 09:00:00
NL13,Heating Tertiary,2010,3923,3.4523100637641525e-05,2010/06/13 10:00:00
NL13,Heating Tertiary,2010,3924,3.204030059178422e-05,2010/06/13 11:00:00
NL13,Heating Tertiary,2010,3925,3.0073100555450046e-05,2010/06/13 12:00:00
NL13,Heating Tertiary,2010,3926,2.8976000535186612e-05,2010/06/13 13:00:00
NL13,Heating Tertiary,2010,3927,2.8473400525903595e-05,2010/06/13 14:00:00
NL13,Heating Tertiary,2010,3928,2.827280052219851e-05,2010/06/13 15:00:00
NL13,Heating Tertiary,2010,3929,2.7902400515357223e-05,2010/06/13 16:00:00
NL13,Heating Tertiary,2010,3930,2.7739200512342922e-05,2010/06/13 17:00:00
NL13,Heating Tertiary,2010,3931,2.814210051978448e-05,2010/06/13 18:00:00
NL13,Heating Tertiary,2010,3932,2.9763800549737276e-05,2010/06/13 19:00:00
NL13,Heating Tertiary,2010,3933,3.327710061462791e-05,2010/06/13 20:00:00
NL13,Heating Tertiary,2010,3934,3.862640071342946e-05,2010/06/13 21:00:00
NL13,Heating Tertiary,2010,3935,4.5408900838702214e-05,2010/06/13 22:00:00
NL13,Heating Tertiary,2010,3936,5.2503800969744986e-05,2010/06/13 23:00:00
NL13,Heating Tertiary,2010,3937,5.4568501007879995e-05,2010/06/14 00:00:00
NL13,Heating Tertiary,2010,3938,5.742210106058597e-05,2010/06/14 01:00:00
NL13,Heating Tertiary,2010,3939,5.889370108776642e-05,2010/06/14 02:00:00
NL13,Heating Tertiary,2010,3940,5.953350109958352e-05,2010/06/14 03:00:00
NL13,Heating Tertiary,2010,3941,5.865010108326713e-05,2010/06/14 04:00:00
NL13,Heating Tertiary,2010,3942,5.5389001023034624e-05,2010/06/14 05:00:00
NL13,Heating Tertiary,2010,3943,5.007570092489799e-05,2010/06/14 06:00:00
NL13,Heating Tertiary,2010,3944,4.383830080969323e-05,2010/06/14 07:00:00
NL13,Heating Tertiary,2010,3945,3.8171500705027466e-05,2010/06/14 08:00:00
NL13,Heating Tertiary,2010,3946,3.373780062313704e-05,2010/06/14 09:00:00
NL13,Heating Tertiary,2010,3947,3.068420056673706e-05,2010/06/14 10:00:00
NL13,Heating Tertiary,2010,3948,2.8390900524379815e-05,2010/06/14 11:00:00
NL13,Heating Tertiary,2010,3949,2.6818200495332054e-05,2010/06/14 12:00:00
NL13,Heating Tertiary,2010,3950,2.608110048171782e-05,2010/06/14 13:00:00
NL13,Heating Tertiary,2010,3951,2.607970048169196e-05,2010/06/14 14:00:00
NL13,Heating Tertiary,2010,3952,2.6366900486996545e-05,2010/06/14 15:00:00
NL13,Heating Tertiary,2010,3953,2.6459600488708713e-05,2010/06/14 16:00:00
NL13,Heating Tertiary,2010,3954,2.657940049092142e-05,2010/06/14 17:00:00
NL13,Heating Tertiary,2010,3955,2.713800050123876e-05,2010/06/14 18:00:00
NL13,Heating Tertiary,2010,3956,2.8871700533260193e-05,2010/06/14 19:00:00
NL13,Heating Tertiary,2010,3957,3.236440059777035e-05,2010/06/14 20:00:00
NL13,Heating Tertiary,2010,3958,3.761250069470273e-05,2010/06/14 21:00:00
NL13,Heating Tertiary,2010,3959,4.387920081044866e-05,2010/06/14 22:00:00
NL13,Heating Tertiary,2010,3960,4.988370092135175e-05,2010/06/14 23:00:00
NL13,Heating Tertiary,2010,3961,3.460440063914314e-05,2010/06/15 00:00:00
NL13,Heating Tertiary,2010,3962,3.641400067256645e-05,2010/06/15 01:00:00
NL13,Heating Tertiary,2010,3963,3.734720068980265e-05,2010/06/15 02:00:00
NL13,Heating Tertiary,2010,3964,3.775290069729592e-05,2010/06/15 03:00:00
NL13,Heating Tertiary,2010,3965,3.719280068695088e-05,2010/06/15 04:00:00
NL13,Heating Tertiary,2010,3966,3.512470064875308e-05,2010/06/15 05:00:00
NL13,Heating Tertiary,2010,3967,3.175530058652027e-05,2010/06/15 06:00:00
NL13,Heating Tertiary,2010,3968,2.7799800513462202e-05,2010/06/15 07:00:00
NL13,Heating Tertiary,2010,3969,2.420630044709027e-05,2010/06/15 08:00:00
NL13,Heating Tertiary,2010,3970,2.139470039516003e-05,2010/06/15 09:00:00
NL13,Heating Tertiary,2010,3971,1.945830035939473e-05,2010/06/15 10:00:00
NL13,Heating Tertiary,2010,3972,1.8003900332531968e-05,2010/06/15 11:00:00
NL13,Heating Tertiary,2010,3973,1.700660031411184e-05,2010/06/15 12:00:00
NL13,Heating Tertiary,2010,3974,1.653930030548081e-05,2010/06/15 13:00:00
NL13,Heating Tertiary,2010,3975,1.6538300305462338e-05,2010/06/15 14:00:00
NL13,Heating Tertiary,2010,3976,1.6720500308827572e-05,2010/06/15 15:00:00
NL13,Heating Tertiary,2010,3977,1.6779300309913608e-05,2010/06/15 16:00:00
NL13,Heating Tertiary,2010,3978,1.685530031131733e-05,2010/06/15 17:00:00
NL13,Heating Tertiary,2010,3979,1.720940031785755e-05,2010/06/15 18:00:00
NL13,Heating Tertiary,2010,3980,1.830880033816347e-05,2010/06/15 19:00:00
NL13,Heating Tertiary,2010,3981,2.052380037907451e-05,2010/06/15 20:00:00
NL13,Heating Tertiary,2010,3982,2.3851800440542657e-05,2010/06/15 21:00:00
NL13,Heating Tertiary,2010,3983,2.7825800513942425e-05,2010/06/15 22:00:00
NL13,Heating Tertiary,2010,3984,3.163350058427063e-05,2010/06/15 23:00:00
NL13,Heating Tertiary,2010,3985,8.518010157327612e-05,2010/06/16 00:00:00
NL13,Heating Tertiary,2010,3986,8.963470165555256e-05,2010/06/16 01:00:00
NL13,Heating Tertiary,2010,3987,9.19320016979837e-05,2010/06/16 02:00:00
NL13,Heating Tertiary,2010,3988,9.293020171642044e-05,2010/06/16 03:00:00
NL13,Heating Tertiary,2010,3989,9.155140169095402e-05,2010/06/16 04:00:00
NL13,Heating Tertiary,2010,3990,8.646060159692696e-05,2010/06/16 05:00:00
NL13,Heating Tertiary,2010,3991,7.816710144374605e-05,2010/06/16 06:00:00
NL13,Heating Tertiary,2010,3992,6.843050126391107e-05,2010/06/16 07:00:00
NL13,Heating Tertiary,2010,3993,5.9584801100531036e-05,2010/06/16 08:00:00
NL13,Heating Tertiary,2010,3994,5.266390097270204e-05,2010/06/16 09:00:00
NL13,Heating Tertiary,2010,3995,4.7897300884662955e-05,2010/06/16 10:00:00
NL13,Heating Tertiary,2010,3996,4.431740081854221e-05,2010/06/16 11:00:00
NL13,Heating Tertiary,2010,3997,4.186250077320022e-05,2010/06/16 12:00:00
NL13,Heating Tertiary,2010,3998,4.071200075195049e-05,2010/06/16 13:00:00
NL13,Heating Tertiary,2010,3999,4.0709800751909854e-05,2010/06/16 14:00:00
NL13,Heating Tertiary,2010,4000,4.115800076018811e-05,2010/06/16 15:00:00
NL13,Heating Tertiary,2010,4001,4.130280076286256e-05,2010/06/16 16:00:00
NL13,Heating Tertiary,2010,4002,4.148980076631645e-05,2010/06/16 17:00:00
NL13,Heating Tertiary,2010,4003,4.236180078242229e-05,2010/06/16 18:00:00
NL13,Heating Tertiary,2010,4004,4.5067900832403946e-05,2010/06/16 19:00:00
NL13,Heating Tertiary,2010,4005,5.052000093310422e-05,2010/06/16 20:00:00
NL13,Heating Tertiary,2010,4006,5.871220108441412e-05,2010/06/16 21:00:00
NL13,Heating Tertiary,2010,4007,6.849430126508947e-05,2010/06/16 22:00:00
NL13,Heating Tertiary,2010,4008,7.78670014382032e-05,2010/06/16 23:00:00
NL13,Heating Tertiary,2010,4009,5.4568501007879995e-05,2010/06/17 00:00:00
NL13,Heating Tertiary,2010,4010,5.742210106058597e-05,2010/06/17 01:00:00
NL13,Heating Tertiary,2010,4011,5.889370108776642e-05,2010/06/17 02:00:00
NL13,Heating Tertiary,2010,4012,5.953350109958352e-05,2010/06/17 03:00:00
NL13,Heating Tertiary,2010,4013,5.865010108326713e-05,2010/06/17 04:00:00
NL13,Heating Tertiary,2010,4014,5.5389001023034624e-05,2010/06/17 05:00:00
NL13,Heating Tertiary,2010,4015,5.007570092489799e-05,2010/06/17 06:00:00
NL13,Heating Tertiary,2010,4016,4.383830080969323e-05,2010/06/17 07:00:00
NL13,Heating Tertiary,2010,4017,3.8171500705027466e-05,2010/06/17 08:00:00
NL13,Heating Tertiary,2010,4018,3.373780062313704e-05,2010/06/17 09:00:00
NL13,Heating Tertiary,2010,4019,3.068420056673706e-05,2010/06/17 10:00:00
NL13,Heating Tertiary,2010,4020,2.8390900524379815e-05,2010/06/17 11:00:00
NL13,Heating Tertiary,2010,4021,2.6818200495332054e-05,2010/06/17 12:00:00
NL13,Heating Tertiary,2010,4022,2.608110048171782e-05,2010/06/17 13:00:00
NL13,Heating Tertiary,2010,4023,2.607970048169196e-05,2010/06/17 14:00:00
NL13,Heating Tertiary,2010,4024,2.6366900486996545e-05,2010/06/17 15:00:00
NL13,Heating Tertiary,2010,4025,2.6459600488708713e-05,2010/06/17 16:00:00
NL13,Heating Tertiary,2010,4026,2.657940049092142e-05,2010/06/17 17:00:00
NL13,Heating Tertiary,2010,4027,2.713800050123876e-05,2010/06/17 18:00:00
NL13,Heating Tertiary,2010,4028,2.8871700533260193e-05,2010/06/17 19:00:00
NL13,Heating Tertiary,2010,4029,3.236440059777035e-05,2010/06/17 20:00:00
NL13,Heating Tertiary,2010,4030,3.761250069470273e-05,2010/06/17 21:00:00
NL13,Heating Tertiary,2010,4031,4.387920081044866e-05,2010/06/17 22:00:00
NL13,Heating Tertiary,2010,4032,4.988370092135175e-05,2010/06/17 23:00:00
NL13,Heating Tertiary,2010,4033,3.460440063914314e-05,2010/06/18 00:00:00
NL13,Heating Tertiary,2010,4034,3.641400067256645e-05,2010/06/18 01:00:00
NL13,Heating Tertiary,2010,4035,3.734720068980265e-05,2010/06/18 02:00:00
NL13,Heating Tertiary,2010,4036,3.775290069729592e-05,2010/06/18 03:00:00
NL13,Heating Tertiary,2010,4037,3.719280068695088e-05,2010/06/18 04:00:00
NL13,Heating Tertiary,2010,4038,3.512470064875308e-05,2010/06/18 05:00:00
NL13,Heating Tertiary,2010,4039,3.175530058652027e-05,2010/06/18 06:00:00
NL13,Heating Tertiary,2010,4040,2.7799800513462202e-05,2010/06/18 07:00:00
NL13,Heating Tertiary,2010,4041,2.420630044709027e-05,2010/06/18 08:00:00
NL13,Heating Tertiary,2010,4042,2.139470039516003e-05,2010/06/18 09:00:00
NL13,Heating Tertiary,2010,4043,1.945830035939473e-05,2010/06/18 10:00:00
NL13,Heating Tertiary,2010,4044,1.8003900332531968e-05,2010/06/18 11:00:00
NL13,Heating Tertiary,2010,4045,1.700660031411184e-05,2010/06/18 12:00:00
NL13,Heating Tertiary,2010,4046,1.653930030548081e-05,2010/06/18 13:00:00
NL13,Heating Tertiary,2010,4047,1.6538300305462338e-05,2010/06/18 14:00:00
NL13,Heating Tertiary,2010,4048,1.6720500308827572e-05,2010/06/18 15:00:00
NL13,Heating Tertiary,2010,4049,1.6779300309913608e-05,2010/06/18 16:00:00
NL13,Heating Tertiary,2010,4050,1.685530031131733e-05,2010/06/18 17:00:00
NL13,Heating Tertiary,2010,4051,1.720940031785755e-05,2010/06/18 18:00:00
NL13,Heating Tertiary,2010,4052,1.830880033816347e-05,2010/06/18 19:00:00
NL13,Heating Tertiary,2010,4053,2.052380037907451e-05,2010/06/18 20:00:00
NL13,Heating Tertiary,2010,4054,2.3851800440542657e-05,2010/06/18 21:00:00
NL13,Heating Tertiary,2010,4055,2.7825800513942425e-05,2010/06/18 22:00:00
NL13,Heating Tertiary,2010,4056,3.163350058427063e-05,2010/06/18 23:00:00
NL13,Heating Tertiary,2010,4057,7.325030135293277e-05,2010/06/19 00:00:00
NL13,Heating Tertiary,2010,4058,7.684590141934349e-05,2010/06/19 01:00:00
NL13,Heating Tertiary,2010,4059,7.898900145892651e-05,2010/06/19 02:00:00
NL13,Heating Tertiary,2010,4060,8.024780148217657e-05,2010/06/19 03:00:00
NL13,Heating Tertiary,2010,4061,7.939500146642535e-05,2010/06/19 04:00:00
NL13,Heating Tertiary,2010,4062,7.538530139236621e-05,2010/06/19 05:00:00
NL13,Heating Tertiary,2010,4063,6.861560126732988e-05,2010/06/19 06:00:00
NL13,Heating Tertiary,2010,4064,6.047660111700258e-05,2010/06/19 07:00:00
NL13,Heating Tertiary,2010,4065,5.252270097009407e-05,2010/06/19 08:00:00
NL13,Heating Tertiary,2010,4066,4.607680085103832e-05,2010/06/19 09:00:00
NL13,Heating Tertiary,2010,4067,4.14750007660431e-05,2010/06/19 10:00:00
NL13,Heating Tertiary,2010,4068,3.8108400703862007e-05,2010/06/19 11:00:00
NL13,Heating Tertiary,2010,4069,3.5677000658954056e-05,2010/06/19 12:00:00
NL13,Heating Tertiary,2010,4070,3.453340063783177e-05,2010/06/19 13:00:00
NL13,Heating Tertiary,2010,4071,3.461170063927797e-05,2010/06/19 14:00:00
NL13,Heating Tertiary,2010,4072,3.5104400648378136e-05,2010/06/19 15:00:00
NL13,Heating Tertiary,2010,4073,3.5280100651623315e-05,2010/06/19 16:00:00
NL13,Heating Tertiary,2010,4074,3.523300065075339e-05,2010/06/19 17:00:00
NL13,Heating Tertiary,2010,4075,3.5570500656987005e-05,2010/06/19 18:00:00
NL13,Heating Tertiary,2010,4076,3.742230069118974e-05,2010/06/19 19:00:00
NL13,Heating Tertiary,2010,4077,4.203970077647311e-05,2010/06/19 20:00:00
NL13,Heating Tertiary,2010,4078,4.941440091268379e-05,2010/06/19 21:00:00
NL13,Heating Tertiary,2010,4079,5.8566201081717495e-05,2010/06/19 22:00:00
NL13,Heating Tertiary,2010,4080,6.697000123693565e-05,2010/06/19 23:00:00
NL13,Heating Tertiary,2010,4081,0.00010744400198449029,2010/06/20 00:00:00
NL13,Heating Tertiary,2010,4082,0.00011423800210997543,2010/06/20 01:00:00
NL13,Heating Tertiary,2010,4083,0.00011729800216649363,2010/06/20 02:00:00
NL13,Heating Tertiary,2010,4084,0.00011854300218948878,2010/06/20 03:00:00
NL13,Heating Tertiary,2010,4085,0.00011678400215700005,2010/06/20 04:00:00
NL13,Heating Tertiary,2010,4086,0.00011089700204826719,2010/06/20 05:00:00
NL13,Heating Tertiary,2010,4087,0.00010120200186920057,2010/06/20 06:00:00
NL13,Heating Tertiary,2010,4088,8.948560165279871e-05,2010/06/20 07:00:00
NL13,Heating Tertiary,2010,4089,7.829460144610098e-05,2010/06/20 08:00:00
NL13,Heating Tertiary,2010,4090,6.955750128472677e-05,2010/06/20 09:00:00
NL13,Heating Tertiary,2010,4091,6.357300117419308e-05,2010/06/20 10:00:00
NL13,Heating Tertiary,2010,4092,5.900100108974826e-05,2010/06/20 11:00:00
NL13,Heating Tertiary,2010,4093,5.5378601022842535e-05,2010/06/20 12:00:00
NL13,Heating Tertiary,2010,4094,5.3358200985525755e-05,2010/06/20 13:00:00
NL13,Heating Tertiary,2010,4095,5.243280096843362e-05,2010/06/20 14:00:00
NL13,Heating Tertiary,2010,4096,5.20634009616108e-05,2010/06/20 15:00:00
NL13,Heating Tertiary,2010,4097,5.138130094901242e-05,2010/06/20 16:00:00
NL13,Heating Tertiary,2010,4098,5.108070094346034e-05,2010/06/20 17:00:00
NL13,Heating Tertiary,2010,4099,5.182270095716507e-05,2010/06/20 18:00:00
NL13,Heating Tertiary,2010,4100,5.480880101231833e-05,2010/06/20 19:00:00
NL13,Heating Tertiary,2010,4101,6.127850113181366e-05,2010/06/20 20:00:00
NL13,Heating Tertiary,2010,4102,7.112880131374867e-05,2010/06/20 21:00:00
NL13,Heating Tertiary,2010,4103,8.361870154443708e-05,2010/06/20 22:00:00
NL13,Heating Tertiary,2010,4104,9.668360178574573e-05,2010/06/20 23:00:00
NL13,Heating Tertiary,2010,4105,8.518010157327612e-05,2010/06/21 00:00:00
NL13,Heating Tertiary,2010,4106,8.963470165555256e-05,2010/06/21 01:00:00
NL13,Heating Tertiary,2010,4107,9.19320016979837e-05,2010/06/21 02:00:00
NL13,Heating Tertiary,2010,4108,9.293020171642044e-05,2010/06/21 03:00:00
NL13,Heating Tertiary,2010,4109,9.155140169095402e-05,2010/06/21 04:00:00
NL13,Heating Tertiary,2010,4110,8.646060159692696e-05,2010/06/21 05:00:00
NL13,Heating Tertiary,2010,4111,7.816710144374605e-05,2010/06/21 06:00:00
NL13,Heating Tertiary,2010,4112,6.843050126391107e-05,2010/06/21 07:00:00
NL13,Heating Tertiary,2010,4113,5.9584801100531036e-05,2010/06/21 08:00:00
NL13,Heating Tertiary,2010,4114,5.266390097270204e-05,2010/06/21 09:00:00
NL13,Heating Tertiary,2010,4115,4.7897300884662955e-05,2010/06/21 10:00:00
NL13,Heating Tertiary,2010,4116,4.431740081854221e-05,2010/06/21 11:00:00
NL13,Heating Tertiary,2010,4117,4.186250077320022e-05,2010/06/21 12:00:00
NL13,Heating Tertiary,2010,4118,4.071200075195049e-05,2010/06/21 13:00:00
NL13,Heating Tertiary,2010,4119,4.0709800751909854e-05,2010/06/21 14:00:00
NL13,Heating Tertiary,2010,4120,4.115800076018811e-05,2010/06/21 15:00:00
NL13,Heating Tertiary,2010,4121,4.130280076286256e-05,2010/06/21 16:00:00
NL13,Heating Tertiary,2010,4122,4.148980076631645e-05,2010/06/21 17:00:00
NL13,Heating Tertiary,2010,4123,4.236180078242229e-05,2010/06/21 18:00:00
NL13,Heating Tertiary,2010,4124,4.5067900832403946e-05,2010/06/21 19:00:00
NL13,Heating Tertiary,2010,4125,5.052000093310422e-05,2010/06/21 20:00:00
NL13,Heating Tertiary,2010,4126,5.871220108441412e-05,2010/06/21 21:00:00
NL13,Heating Tertiary,2010,4127,6.849430126508947e-05,2010/06/21 22:00:00
NL13,Heating Tertiary,2010,4128,7.78670014382032e-05,2010/06/21 23:00:00
NL13,Heating Tertiary,2010,4129,8.518010157327612e-05,2010/06/22 00:00:00
NL13,Heating Tertiary,2010,4130,8.963470165555256e-05,2010/06/22 01:00:00
NL13,Heating Tertiary,2010,4131,9.19320016979837e-05,2010/06/22 02:00:00
NL13,Heating Tertiary,2010,4132,9.293020171642044e-05,2010/06/22 03:00:00
NL13,Heating Tertiary,2010,4133,9.155140169095402e-05,2010/06/22 04:00:00
NL13,Heating Tertiary,2010,4134,8.646060159692696e-05,2010/06/22 05:00:00
NL13,Heating Tertiary,2010,4135,7.816710144374605e-05,2010/06/22 06:00:00
NL13,Heating Tertiary,2010,4136,6.843050126391107e-05,2010/06/22 07:00:00
NL13,Heating Tertiary,2010,4137,5.9584801100531036e-05,2010/06/22 08:00:00
NL13,Heating Tertiary,2010,4138,5.266390097270204e-05,2010/06/22 09:00:00
NL13,Heating Tertiary,2010,4139,4.7897300884662955e-05,2010/06/22 10:00:00
NL13,Heating Tertiary,2010,4140,4.431740081854221e-05,2010/06/22 11:00:00
NL13,Heating Tertiary,2010,4141,4.186250077320022e-05,2010/06/22 12:00:00
NL13,Heating Tertiary,2010,4142,4.071200075195049e-05,2010/06/22 13:00:00
NL13,Heating Tertiary,2010,4143,4.0709800751909854e-05,2010/06/22 14:00:00
NL13,Heating Tertiary,2010,4144,4.115800076018811e-05,2010/06/22 15:00:00
NL13,Heating Tertiary,2010,4145,4.130280076286256e-05,2010/06/22 16:00:00
NL13,Heating Tertiary,2010,4146,4.148980076631645e-05,2010/06/22 17:00:00
NL13,Heating Tertiary,2010,4147,4.236180078242229e-05,2010/06/22 18:00:00
NL13,Heating Tertiary,2010,4148,4.5067900832403946e-05,2010/06/22 19:00:00
NL13,Heating Tertiary,2010,4149,5.052000093310422e-05,2010/06/22 20:00:00
NL13,Heating Tertiary,2010,4150,5.871220108441412e-05,2010/06/22 21:00:00
NL13,Heating Tertiary,2010,4151,6.849430126508947e-05,2010/06/22 22:00:00
NL13,Heating Tertiary,2010,4152,7.78670014382032e-05,2010/06/22 23:00:00
NL13,Heating Tertiary,2010,4153,6.95414012844294e-05,2010/06/23 00:00:00
NL13,Heating Tertiary,2010,4154,7.317850135160662e-05,2010/06/23 01:00:00
NL13,Heating Tertiary,2010,4155,7.505360138623972e-05,2010/06/23 02:00:00
NL13,Heating Tertiary,2010,4156,7.586870140129462e-05,2010/06/23 03:00:00
NL13,Heating Tertiary,2010,4157,7.474300138050293e-05,2010/06/23 04:00:00
NL13,Heating Tertiary,2010,4158,7.058730130374716e-05,2010/06/23 05:00:00
NL13,Heating Tertiary,2010,4159,6.381630117868682e-05,2010/06/23 06:00:00
NL13,Heating Tertiary,2010,4160,5.586700103186328e-05,2010/06/23 07:00:00
NL13,Heating Tertiary,2010,4161,4.864540089848036e-05,2010/06/23 08:00:00
NL13,Heating Tertiary,2010,4162,4.299510079411934e-05,2010/06/23 09:00:00
NL13,Heating Tertiary,2010,4163,3.91037007222452e-05,2010/06/23 10:00:00
NL13,Heating Tertiary,2010,4164,3.6181000668262935e-05,2010/06/23 11:00:00
NL13,Heating Tertiary,2010,4165,3.417680063124537e-05,2010/06/23 12:00:00
NL13,Heating Tertiary,2010,4166,3.323760061389835e-05,2010/06/23 13:00:00
NL13,Heating Tertiary,2010,4167,3.32358006138651e-05,2010/06/23 14:00:00
NL13,Heating Tertiary,2010,4168,3.360170062062328e-05,2010/06/23 15:00:00
NL13,Heating Tertiary,2010,4169,3.371990062280643e-05,2010/06/23 16:00:00
NL13,Heating Tertiary,2010,4170,3.387250062562495e-05,2010/06/23 17:00:00
NL13,Heating Tertiary,2010,4171,3.458440063877374e-05,2010/06/23 18:00:00
NL13,Heating Tertiary,2010,4172,3.6793800679581344e-05,2010/06/23 19:00:00
NL13,Heating Tertiary,2010,4173,4.124490076179315e-05,2010/06/23 20:00:00
NL13,Heating Tertiary,2010,4174,4.793300088532233e-05,2010/06/23 21:00:00
NL13,Heating Tertiary,2010,4175,5.591920103282741e-05,2010/06/23 22:00:00
NL13,Heating Tertiary,2010,4176,6.357120117415983e-05,2010/06/23 23:00:00
NL13,Heating Tertiary,2010,4177,1.597130029498985e-05,2010/06/24 00:00:00
NL13,Heating Tertiary,2010,4178,1.6806500310415992e-05,2010/06/24 01:00:00
NL13,Heating Tertiary,2010,4179,1.7237200318371023e-05,2010/06/24 02:00:00
NL13,Heating Tertiary,2010,4180,1.7424400321828602e-05,2010/06/24 03:00:00
NL13,Heating Tertiary,2010,4181,1.716590031705411e-05,2010/06/24 04:00:00
NL13,Heating Tertiary,2010,4182,1.62114002994245e-05,2010/06/24 05:00:00
NL13,Heating Tertiary,2010,4183,1.4656300270701807e-05,2010/06/24 06:00:00
NL13,Heating Tertiary,2010,4184,1.2830700236982982e-05,2010/06/24 07:00:00
NL13,Heating Tertiary,2010,4185,1.1172100206348645e-05,2010/06/24 08:00:00
NL13,Heating Tertiary,2010,4186,9.874510182382164e-06,2010/06/24 09:00:00
NL13,Heating Tertiary,2010,4187,8.980740165874231e-06,2010/06/24 10:00:00
NL13,Heating Tertiary,2010,4188,8.309520153476802e-06,2010/06/24 11:00:00
NL13,Heating Tertiary,2010,4189,7.849200144974694e-06,2010/06/24 12:00:00
NL13,Heating Tertiary,2010,4190,7.633530140991271e-06,2010/06/24 13:00:00
NL13,Heating Tertiary,2010,4191,7.633100140983328e-06,2010/06/24 14:00:00
NL13,Heating Tertiary,2010,4192,7.717140142535547e-06,2010/06/24 15:00:00
NL13,Heating Tertiary,2010,4193,7.744310143037377e-06,2010/06/24 16:00:00
NL13,Heating Tertiary,2010,4194,7.779330143684197e-06,2010/06/24 17:00:00
NL13,Heating Tertiary,2010,4195,7.942840146704223e-06,2010/06/24 18:00:00
NL13,Heating Tertiary,2010,4196,8.450250156076086e-06,2010/06/24 19:00:00
NL13,Heating Tertiary,2010,4197,9.472490174956856e-06,2010/06/24 20:00:00
NL13,Heating Tertiary,2010,4198,1.1008500203326954e-05,2010/06/24 21:00:00
NL13,Heating Tertiary,2010,4199,1.2842700237204623e-05,2010/06/24 22:00:00
NL13,Heating Tertiary,2010,4200,1.4600100269663792e-05,2010/06/24 23:00:00
NL13,Heating Tertiary,2010,4201,1.597130029498985e-05,2010/06/25 00:00:00
NL13,Heating Tertiary,2010,4202,1.6806500310415992e-05,2010/06/25 01:00:00
NL13,Heating Tertiary,2010,4203,1.7237200318371023e-05,2010/06/25 02:00:00
NL13,Heating Tertiary,2010,4204,1.7424400321828602e-05,2010/06/25 03:00:00
NL13,Heating Tertiary,2010,4205,1.716590031705411e-05,2010/06/25 04:00:00
NL13,Heating Tertiary,2010,4206,1.62114002994245e-05,2010/06/25 05:00:00
NL13,Heating Tertiary,2010,4207,1.4656300270701807e-05,2010/06/25 06:00:00
NL13,Heating Tertiary,2010,4208,1.2830700236982982e-05,2010/06/25 07:00:00
NL13,Heating Tertiary,2010,4209,1.1172100206348645e-05,2010/06/25 08:00:00
NL13,Heating Tertiary,2010,4210,9.874510182382164e-06,2010/06/25 09:00:00
NL13,Heating Tertiary,2010,4211,8.980740165874231e-06,2010/06/25 10:00:00
NL13,Heating Tertiary,2010,4212,8.309520153476802e-06,2010/06/25 11:00:00
NL13,Heating Tertiary,2010,4213,7.849200144974694e-06,2010/06/25 12:00:00
NL13,Heating Tertiary,2010,4214,7.633530140991271e-06,2010/06/25 13:00:00
NL13,Heating Tertiary,2010,4215,7.633100140983328e-06,2010/06/25 14:00:00
NL13,Heating Tertiary,2010,4216,7.717140142535547e-06,2010/06/25 15:00:00
NL13,Heating Tertiary,2010,4217,7.744310143037377e-06,2010/06/25 16:00:00
NL13,Heating Tertiary,2010,4218,7.779330143684197e-06,2010/06/25 17:00:00
NL13,Heating Tertiary,2010,4219,7.942840146704223e-06,2010/06/25 18:00:00
NL13,Heating Tertiary,2010,4220,8.450250156076086e-06,2010/06/25 19:00:00
NL13,Heating Tertiary,2010,4221,9.472490174956856e-06,2010/06/25 20:00:00
NL13,Heating Tertiary,2010,4222,1.1008500203326954e-05,2010/06/25 21:00:00
NL13,Heating Tertiary,2010,4223,1.2842700237204623e-05,2010/06/25 22:00:00
NL13,Heating Tertiary,2010,4224,1.4600100269663792e-05,2010/06/25 23:00:00
NL13,Heating Tertiary,2010,4225,1.6823100310722593e-05,2010/06/26 00:00:00
NL13,Heating Tertiary,2010,4226,1.7648900325975117e-05,2010/06/26 01:00:00
NL13,Heating Tertiary,2010,4227,1.8141000335064202e-05,2010/06/26 02:00:00
NL13,Heating Tertiary,2010,4228,1.8430100340403878e-05,2010/06/26 03:00:00
NL13,Heating Tertiary,2010,4229,1.8234200336785608e-05,2010/06/26 04:00:00
NL13,Heating Tertiary,2010,4230,1.7313300319776587e-05,2010/06/26 05:00:00
NL13,Heating Tertiary,2010,4231,1.575860029106128e-05,2010/06/26 06:00:00
NL13,Heating Tertiary,2010,4232,1.388930025653532e-05,2010/06/26 07:00:00
NL13,Heating Tertiary,2010,4233,1.2062600222796178e-05,2010/06/26 08:00:00
NL13,Heating Tertiary,2010,4234,1.0582200195453195e-05,2010/06/26 09:00:00
NL13,Heating Tertiary,2010,4235,9.525340175932995e-06,2010/06/26 10:00:00
NL13,Heating Tertiary,2010,4236,8.752190161652916e-06,2010/06/26 11:00:00
NL13,Heating Tertiary,2010,4237,8.193730151338163e-06,2010/06/26 12:00:00
NL13,Heating Tertiary,2010,4238,7.931140146488125e-06,2010/06/26 13:00:00
NL13,Heating Tertiary,2010,4239,7.949090146819662e-06,2010/06/26 14:00:00
NL13,Heating Tertiary,2010,4240,8.06228014891028e-06,2010/06/26 15:00:00
NL13,Heating Tertiary,2010,4241,8.102630149655546e-06,2010/06/26 16:00:00
NL13,Heating Tertiary,2010,4242,8.091800149455515e-06,2010/06/26 17:00:00
NL13,Heating Tertiary,2010,4243,8.169280150886572e-06,2010/06/26 18:00:00
NL13,Heating Tertiary,2010,4244,8.594630158742785e-06,2010/06/26 19:00:00
NL13,Heating Tertiary,2010,4245,9.655060178328924e-06,2010/06/26 20:00:00
NL13,Heating Tertiary,2010,4246,1.1348800209612295e-05,2010/06/26 21:00:00
NL13,Heating Tertiary,2010,4247,1.3450600248432532e-05,2010/06/26 22:00:00
NL13,Heating Tertiary,2010,4248,1.538070028408147e-05,2010/06/26 23:00:00
NL13,Heating Tertiary,2010,4249,1.707720031541582e-05,2010/06/27 00:00:00
NL13,Heating Tertiary,2010,4250,1.8157200335363417e-05,2010/06/27 01:00:00
NL13,Heating Tertiary,2010,4251,1.8643300344341683e-05,2010/06/27 02:00:00
NL13,Heating Tertiary,2010,4252,1.884130034799874e-05,2010/06/27 03:00:00
NL13,Heating Tertiary,2010,4253,1.8561700342834528e-05,2010/06/27 04:00:00
NL13,Heating Tertiary,2010,4254,1.762590032555031e-05,2010/06/27 05:00:00
NL13,Heating Tertiary,2010,4255,1.6085100297091737e-05,2010/06/27 06:00:00
NL13,Heating Tertiary,2010,4256,1.422290026269691e-05,2010/06/27 07:00:00
NL13,Heating Tertiary,2010,4257,1.2444200229844328e-05,2010/06/27 08:00:00
NL13,Heating Tertiary,2010,4258,1.1055500204195043e-05,2010/06/27 09:00:00
NL13,Heating Tertiary,2010,4259,1.010440018662823e-05,2010/06/27 10:00:00
NL13,Heating Tertiary,2010,4260,9.377620173204607e-06,2010/06/27 11:00:00
NL13,Heating Tertiary,2010,4261,8.801890162570877e-06,2010/06/27 12:00:00
NL13,Heating Tertiary,2010,4262,8.480760156639607e-06,2010/06/27 13:00:00
NL13,Heating Tertiary,2010,4263,8.333720153923777e-06,2010/06/27 14:00:00
NL13,Heating Tertiary,2010,4264,8.27498015283885e-06,2010/06/27 15:00:00
NL13,Heating Tertiary,2010,4265,8.166560150836334e-06,2010/06/27 16:00:00
NL13,Heating Tertiary,2010,4266,8.118780149953837e-06,2010/06/27 17:00:00
NL13,Heating Tertiary,2010,4267,8.236740152132557e-06,2010/06/27 18:00:00
NL13,Heating Tertiary,2010,4268,8.711350160898602e-06,2010/06/27 19:00:00
NL13,Heating Tertiary,2010,4269,9.739660179891485e-06,2010/06/27 20:00:00
NL13,Heating Tertiary,2010,4270,1.130530020880885e-05,2010/06/27 21:00:00
NL13,Heating Tertiary,2010,4271,1.3290400245473639e-05,2010/06/27 22:00:00
NL13,Heating Tertiary,2010,4272,1.5366900283826585e-05,2010/06/27 23:00:00
NL13,Heating Tertiary,2010,4273,1.597130029498985e-05,2010/06/28 00:00:00
NL13,Heating Tertiary,2010,4274,1.6806500310415992e-05,2010/06/28 01:00:00
NL13,Heating Tertiary,2010,4275,1.7237200318371023e-05,2010/06/28 02:00:00
NL13,Heating Tertiary,2010,4276,1.7424400321828602e-05,2010/06/28 03:00:00
NL13,Heating Tertiary,2010,4277,1.716590031705411e-05,2010/06/28 04:00:00
NL13,Heating Tertiary,2010,4278,1.62114002994245e-05,2010/06/28 05:00:00
NL13,Heating Tertiary,2010,4279,1.4656300270701807e-05,2010/06/28 06:00:00
NL13,Heating Tertiary,2010,4280,1.2830700236982982e-05,2010/06/28 07:00:00
NL13,Heating Tertiary,2010,4281,1.1172100206348645e-05,2010/06/28 08:00:00
NL13,Heating Tertiary,2010,4282,9.874510182382164e-06,2010/06/28 09:00:00
NL13,Heating Tertiary,2010,4283,8.980740165874231e-06,2010/06/28 10:00:00
NL13,Heating Tertiary,2010,4284,8.309520153476802e-06,2010/06/28 11:00:00
NL13,Heating Tertiary,2010,4285,7.849200144974694e-06,2010/06/28 12:00:00
NL13,Heating Tertiary,2010,4286,7.633530140991271e-06,2010/06/28 13:00:00
NL13,Heating Tertiary,2010,4287,7.633100140983328e-06,2010/06/28 14:00:00
NL13,Heating Tertiary,2010,4288,7.717140142535547e-06,2010/06/28 15:00:00
NL13,Heating Tertiary,2010,4289,7.744310143037377e-06,2010/06/28 16:00:00
NL13,Heating Tertiary,2010,4290,7.779330143684197e-06,2010/06/28 17:00:00
NL13,Heating Tertiary,2010,4291,7.942840146704223e-06,2010/06/28 18:00:00
NL13,Heating Tertiary,2010,4292,8.450250156076086e-06,2010/06/28 19:00:00
NL13,Heating Tertiary,2010,4293,9.472490174956856e-06,2010/06/28 20:00:00
NL13,Heating Tertiary,2010,4294,1.1008500203326954e-05,2010/06/28 21:00:00
NL13,Heating Tertiary,2010,4295,1.2842700237204623e-05,2010/06/28 22:00:00
NL13,Heating Tertiary,2010,4296,1.4600100269663792e-05,2010/06/28 23:00:00
NL13,Heating Tertiary,2010,4297,1.597130029498985e-05,2010/06/29 00:00:00
NL13,Heating Tertiary,2010,4298,1.6806500310415992e-05,2010/06/29 01:00:00
NL13,Heating Tertiary,2010,4299,1.7237200318371023e-05,2010/06/29 02:00:00
NL13,Heating Tertiary,2010,4300,1.7424400321828602e-05,2010/06/29 03:00:00
NL13,Heating Tertiary,2010,4301,1.716590031705411e-05,2010/06/29 04:00:00
NL13,Heating Tertiary,2010,4302,1.62114002994245e-05,2010/06/29 05:00:00
NL13,Heating Tertiary,2010,4303,1.4656300270701807e-05,2010/06/29 06:00:00
NL13,Heating Tertiary,2010,4304,1.2830700236982982e-05,2010/06/29 07:00:00
NL13,Heating Tertiary,2010,4305,1.1172100206348645e-05,2010/06/29 08:00:00
NL13,Heating Tertiary,2010,4306,9.874510182382164e-06,2010/06/29 09:00:00
NL13,Heating Tertiary,2010,4307,8.980740165874231e-06,2010/06/29 10:00:00
NL13,Heating Tertiary,2010,4308,8.309520153476802e-06,2010/06/29 11:00:00
NL13,Heating Tertiary,2010,4309,7.849200144974694e-06,2010/06/29 12:00:00
NL13,Heating Tertiary,2010,4310,7.633530140991271e-06,2010/06/29 13:00:00
NL13,Heating Tertiary,2010,4311,7.633100140983328e-06,2010/06/29 14:00:00
NL13,Heating Tertiary,2010,4312,7.717140142535547e-06,2010/06/29 15:00:00
NL13,Heating Tertiary,2010,4313,7.744310143037377e-06,2010/06/29 16:00:00
NL13,Heating Tertiary,2010,4314,7.779330143684197e-06,2010/06/29 17:00:00
NL13,Heating Tertiary,2010,4315,7.942840146704223e-06,2010/06/29 18:00:00
NL13,Heating Tertiary,2010,4316,8.450250156076086e-06,2010/06/29 19:00:00
NL13,Heating Tertiary,2010,4317,9.472490174956856e-06,2010/06/29 20:00:00
NL13,Heating Tertiary,2010,4318,1.1008500203326954e-05,2010/06/29 21:00:00
NL13,Heating Tertiary,2010,4319,1.2842700237204623e-05,2010/06/29 22:00:00
NL13,Heating Tertiary,2010,4320,1.4600100269663792e-05,2010/06/29 23:00:00
NL13,Heating Tertiary,2010,4321,1.597130029498985e-05,2010/06/30 00:00:00
NL13,Heating Tertiary,2010,4322,1.6806500310415992e-05,2010/06/30 01:00:00
NL13,Heating Tertiary,2010,4323,1.7237200318371023e-05,2010/06/30 02:00:00
NL13,Heating Tertiary,2010,4324,1.7424400321828602e-05,2010/06/30 03:00:00
NL13,Heating Tertiary,2010,4325,1.716590031705411e-05,2010/06/30 04:00:00
NL13,Heating Tertiary,2010,4326,1.62114002994245e-05,2010/06/30 05:00:00
NL13,Heating Tertiary,2010,4327,1.4656300270701807e-05,2010/06/30 06:00:00
NL13,Heating Tertiary,2010,4328,1.2830700236982982e-05,2010/06/30 07:00:00
NL13,Heating Tertiary,2010,4329,1.1172100206348645e-05,2010/06/30 08:00:00
NL13,Heating Tertiary,2010,4330,9.874510182382164e-06,2010/06/30 09:00:00
NL13,Heating Tertiary,2010,4331,8.980740165874231e-06,2010/06/30 10:00:00
NL13,Heating Tertiary,2010,4332,8.309520153476802e-06,2010/06/30 11:00:00
NL13,Heating Tertiary,2010,4333,7.849200144974694e-06,2010/06/30 12:00:00
NL13,Heating Tertiary,2010,4334,7.633530140991271e-06,2010/06/30 13:00:00
NL13,Heating Tertiary,2010,4335,7.633100140983328e-06,2010/06/30 14:00:00
NL13,Heating Tertiary,2010,4336,7.717140142535547e-06,2010/06/30 15:00:00
NL13,Heating Tertiary,2010,4337,7.744310143037377e-06,2010/06/30 16:00:00
NL13,Heating Tertiary,2010,4338,7.779330143684197e-06,2010/06/30 17:00:00
NL13,Heating Tertiary,2010,4339,7.942840146704223e-06,2010/06/30 18:00:00
NL13,Heating Tertiary,2010,4340,8.450250156076086e-06,2010/06/30 19:00:00
NL13,Heating Tertiary,2010,4341,9.472490174956856e-06,2010/06/30 20:00:00
NL13,Heating Tertiary,2010,4342,1.1008500203326954e-05,2010/06/30 21:00:00
NL13,Heating Tertiary,2010,4343,1.2842700237204623e-05,2010/06/30 22:00:00
NL13,Heating Tertiary,2010,4344,1.4600100269663792e-05,2010/06/30 23:00:00
NL13,Heating Tertiary,2010,4345,1.597130029498985e-05,2010/07/01 00:00:00
NL13,Heating Tertiary,2010,4346,1.6806500310415992e-05,2010/07/01 01:00:00
NL13,Heating Tertiary,2010,4347,1.7237200318371023e-05,2010/07/01 02:00:00
NL13,Heating Tertiary,2010,4348,1.7424400321828602e-05,2010/07/01 03:00:00
NL13,Heating Tertiary,2010,4349,1.716590031705411e-05,2010/07/01 04:00:00
NL13,Heating Tertiary,2010,4350,1.62114002994245e-05,2010/07/01 05:00:00
NL13,Heating Tertiary,2010,4351,1.4656300270701807e-05,2010/07/01 06:00:00
NL13,Heating Tertiary,2010,4352,1.2830700236982982e-05,2010/07/01 07:00:00
NL13,Heating Tertiary,2010,4353,1.1172100206348645e-05,2010/07/01 08:00:00
NL13,Heating Tertiary,2010,4354,9.874510182382164e-06,2010/07/01 09:00:00
NL13,Heating Tertiary,2010,4355,8.980740165874231e-06,2010/07/01 10:00:00
NL13,Heating Tertiary,2010,4356,8.309520153476802e-06,2010/07/01 11:00:00
NL13,Heating Tertiary,2010,4357,7.849200144974694e-06,2010/07/01 12:00:00
NL13,Heating Tertiary,2010,4358,7.633530140991271e-06,2010/07/01 13:00:00
NL13,Heating Tertiary,2010,4359,7.633100140983328e-06,2010/07/01 14:00:00
NL13,Heating Tertiary,2010,4360,7.717140142535547e-06,2010/07/01 15:00:00
NL13,Heating Tertiary,2010,4361,7.744310143037377e-06,2010/07/01 16:00:00
NL13,Heating Tertiary,2010,4362,7.779330143684197e-06,2010/07/01 17:00:00
NL13,Heating Tertiary,2010,4363,7.942840146704223e-06,2010/07/01 18:00:00
NL13,Heating Tertiary,2010,4364,8.450250156076086e-06,2010/07/01 19:00:00
NL13,Heating Tertiary,2010,4365,9.472490174956856e-06,2010/07/01 20:00:00
NL13,Heating Tertiary,2010,4366,1.1008500203326954e-05,2010/07/01 21:00:00
NL13,Heating Tertiary,2010,4367,1.2842700237204623e-05,2010/07/01 22:00:00
NL13,Heating Tertiary,2010,4368,1.4600100269663792e-05,2010/07/01 23:00:00
NL13,Heating Tertiary,2010,4369,1.597130029498985e-05,2010/07/02 00:00:00
NL13,Heating Tertiary,2010,4370,1.6806500310415992e-05,2010/07/02 01:00:00
NL13,Heating Tertiary,2010,4371,1.7237200318371023e-05,2010/07/02 02:00:00
NL13,Heating Tertiary,2010,4372,1.7424400321828602e-05,2010/07/02 03:00:00
NL13,Heating Tertiary,2010,4373,1.716590031705411e-05,2010/07/02 04:00:00
NL13,Heating Tertiary,2010,4374,1.62114002994245e-05,2010/07/02 05:00:00
NL13,Heating Tertiary,2010,4375,1.4656300270701807e-05,2010/07/02 06:00:00
NL13,Heating Tertiary,2010,4376,1.2830700236982982e-05,2010/07/02 07:00:00
NL13,Heating Tertiary,2010,4377,1.1172100206348645e-05,2010/07/02 08:00:00
NL13,Heating Tertiary,2010,4378,9.874510182382164e-06,2010/07/02 09:00:00
NL13,Heating Tertiary,2010,4379,8.980740165874231e-06,2010/07/02 10:00:00
NL13,Heating Tertiary,2010,4380,8.309520153476802e-06,2010/07/02 11:00:00
NL13,Heating Tertiary,2010,4381,7.849200144974694e-06,2010/07/02 12:00:00
NL13,Heating Tertiary,2010,4382,7.633530140991271e-06,2010/07/02 13:00:00
NL13,Heating Tertiary,2010,4383,7.633100140983328e-06,2010/07/02 14:00:00
NL13,Heating Tertiary,2010,4384,7.717140142535547e-06,2010/07/02 15:00:00
NL13,Heating Tertiary,2010,4385,7.744310143037377e-06,2010/07/02 16:00:00
NL13,Heating Tertiary,2010,4386,7.779330143684197e-06,2010/07/02 17:00:00
NL13,Heating Tertiary,2010,4387,7.942840146704223e-06,2010/07/02 18:00:00
NL13,Heating Tertiary,2010,4388,8.450250156076086e-06,2010/07/02 19:00:00
NL13,Heating Tertiary,2010,4389,9.472490174956856e-06,2010/07/02 20:00:00
NL13,Heating Tertiary,2010,4390,1.1008500203326954e-05,2010/07/02 21:00:00
NL13,Heating Tertiary,2010,4391,1.2842700237204623e-05,2010/07/02 22:00:00
NL13,Heating Tertiary,2010,4392,1.4600100269663792e-05,2010/07/02 23:00:00
NL13,Heating Tertiary,2010,4393,1.6823100310722593e-05,2010/07/03 00:00:00
NL13,Heating Tertiary,2010,4394,1.7648900325975117e-05,2010/07/03 01:00:00
NL13,Heating Tertiary,2010,4395,1.8141000335064202e-05,2010/07/03 02:00:00
NL13,Heating Tertiary,2010,4396,1.8430100340403878e-05,2010/07/03 03:00:00
NL13,Heating Tertiary,2010,4397,1.8234200336785608e-05,2010/07/03 04:00:00
NL13,Heating Tertiary,2010,4398,1.7313300319776587e-05,2010/07/03 05:00:00
NL13,Heating Tertiary,2010,4399,1.575860029106128e-05,2010/07/03 06:00:00
NL13,Heating Tertiary,2010,4400,1.388930025653532e-05,2010/07/03 07:00:00
NL13,Heating Tertiary,2010,4401,1.2062600222796178e-05,2010/07/03 08:00:00
NL13,Heating Tertiary,2010,4402,1.0582200195453195e-05,2010/07/03 09:00:00
NL13,Heating Tertiary,2010,4403,9.525340175932995e-06,2010/07/03 10:00:00
NL13,Heating Tertiary,2010,4404,8.752190161652916e-06,2010/07/03 11:00:00
NL13,Heating Tertiary,2010,4405,8.193730151338163e-06,2010/07/03 12:00:00
NL13,Heating Tertiary,2010,4406,7.931140146488125e-06,2010/07/03 13:00:00
NL13,Heating Tertiary,2010,4407,7.949090146819662e-06,2010/07/03 14:00:00
NL13,Heating Tertiary,2010,4408,8.06228014891028e-06,2010/07/03 15:00:00
NL13,Heating Tertiary,2010,4409,8.102630149655546e-06,2010/07/03 16:00:00
NL13,Heating Tertiary,2010,4410,8.091800149455515e-06,2010/07/03 17:00:00
NL13,Heating Tertiary,2010,4411,8.169280150886572e-06,2010/07/03 18:00:00
NL13,Heating Tertiary,2010,4412,8.594630158742785e-06,2010/07/03 19:00:00
NL13,Heating Tertiary,2010,4413,9.655060178328924e-06,2010/07/03 20:00:00
NL13,Heating Tertiary,2010,4414,1.1348800209612295e-05,2010/07/03 21:00:00
NL13,Heating Tertiary,2010,4415,1.3450600248432532e-05,2010/07/03 22:00:00
NL13,Heating Tertiary,2010,4416,1.538070028408147e-05,2010/07/03 23:00:00
NL13,Heating Tertiary,2010,4417,1.707720031541582e-05,2010/07/04 00:00:00
NL13,Heating Tertiary,2010,4418,1.8157200335363417e-05,2010/07/04 01:00:00
NL13,Heating Tertiary,2010,4419,1.8643300344341683e-05,2010/07/04 02:00:00
NL13,Heating Tertiary,2010,4420,1.884130034799874e-05,2010/07/04 03:00:00
NL13,Heating Tertiary,2010,4421,1.8561700342834528e-05,2010/07/04 04:00:00
NL13,Heating Tertiary,2010,4422,1.762590032555031e-05,2010/07/04 05:00:00
NL13,Heating Tertiary,2010,4423,1.6085100297091737e-05,2010/07/04 06:00:00
NL13,Heating Tertiary,2010,4424,1.422290026269691e-05,2010/07/04 07:00:00
NL13,Heating Tertiary,2010,4425,1.2444200229844328e-05,2010/07/04 08:00:00
NL13,Heating Tertiary,2010,4426,1.1055500204195043e-05,2010/07/04 09:00:00
NL13,Heating Tertiary,2010,4427,1.010440018662823e-05,2010/07/04 10:00:00
NL13,Heating Tertiary,2010,4428,9.377620173204607e-06,2010/07/04 11:00:00
NL13,Heating Tertiary,2010,4429,8.801890162570877e-06,2010/07/04 12:00:00
NL13,Heating Tertiary,2010,4430,8.480760156639607e-06,2010/07/04 13:00:00
NL13,Heating Tertiary,2010,4431,8.333720153923777e-06,2010/07/04 14:00:00
NL13,Heating Tertiary,2010,4432,8.27498015283885e-06,2010/07/04 15:00:00
NL13,Heating Tertiary,2010,4433,8.166560150836334e-06,2010/07/04 16:00:00
NL13,Heating Tertiary,2010,4434,8.118780149953837e-06,2010/07/04 17:00:00
NL13,Heating Tertiary,2010,4435,8.236740152132557e-06,2010/07/04 18:00:00
NL13,Heating Tertiary,2010,4436,8.711350160898602e-06,2010/07/04 19:00:00
NL13,Heating Tertiary,2010,4437,9.739660179891485e-06,2010/07/04 20:00:00
NL13,Heating Tertiary,2010,4438,1.130530020880885e-05,2010/07/04 21:00:00
NL13,Heating Tertiary,2010,4439,1.3290400245473639e-05,2010/07/04 22:00:00
NL13,Heating Tertiary,2010,4440,1.5366900283826585e-05,2010/07/04 23:00:00
NL13,Heating Tertiary,2010,4441,1.597130029498985e-05,2010/07/05 00:00:00
NL13,Heating Tertiary,2010,4442,1.6806500310415992e-05,2010/07/05 01:00:00
NL13,Heating Tertiary,2010,4443,1.7237200318371023e-05,2010/07/05 02:00:00
NL13,Heating Tertiary,2010,4444,1.7424400321828602e-05,2010/07/05 03:00:00
NL13,Heating Tertiary,2010,4445,1.716590031705411e-05,2010/07/05 04:00:00
NL13,Heating Tertiary,2010,4446,1.62114002994245e-05,2010/07/05 05:00:00
NL13,Heating Tertiary,2010,4447,1.4656300270701807e-05,2010/07/05 06:00:00
NL13,Heating Tertiary,2010,4448,1.2830700236982982e-05,2010/07/05 07:00:00
NL13,Heating Tertiary,2010,4449,1.1172100206348645e-05,2010/07/05 08:00:00
NL13,Heating Tertiary,2010,4450,9.874510182382164e-06,2010/07/05 09:00:00
NL13,Heating Tertiary,2010,4451,8.980740165874231e-06,2010/07/05 10:00:00
NL13,Heating Tertiary,2010,4452,8.309520153476802e-06,2010/07/05 11:00:00
NL13,Heating Tertiary,2010,4453,7.849200144974694e-06,2010/07/05 12:00:00
NL13,Heating Tertiary,2010,4454,7.633530140991271e-06,2010/07/05 13:00:00
NL13,Heating Tertiary,2010,4455,7.633100140983328e-06,2010/07/05 14:00:00
NL13,Heating Tertiary,2010,4456,7.717140142535547e-06,2010/07/05 15:00:00
NL13,Heating Tertiary,2010,4457,7.744310143037377e-06,2010/07/05 16:00:00
NL13,Heating Tertiary,2010,4458,7.779330143684197e-06,2010/07/05 17:00:00
NL13,Heating Tertiary,2010,4459,7.942840146704223e-06,2010/07/05 18:00:00
NL13,Heating Tertiary,2010,4460,8.450250156076086e-06,2010/07/05 19:00:00
NL13,Heating Tertiary,2010,4461,9.472490174956856e-06,2010/07/05 20:00:00
NL13,Heating Tertiary,2010,4462,1.1008500203326954e-05,2010/07/05 21:00:00
NL13,Heating Tertiary,2010,4463,1.2842700237204623e-05,2010/07/05 22:00:00
NL13,Heating Tertiary,2010,4464,1.4600100269663792e-05,2010/07/05 23:00:00
NL13,Heating Tertiary,2010,4465,1.597130029498985e-05,2010/07/06 00:00:00
NL13,Heating Tertiary,2010,4466,1.6806500310415992e-05,2010/07/06 01:00:00
NL13,Heating Tertiary,2010,4467,1.7237200318371023e-05,2010/07/06 02:00:00
NL13,Heating Tertiary,2010,4468,1.7424400321828602e-05,2010/07/06 03:00:00
NL13,Heating Tertiary,2010,4469,1.716590031705411e-05,2010/07/06 04:00:00
NL13,Heating Tertiary,2010,4470,1.62114002994245e-05,2010/07/06 05:00:00
NL13,Heating Tertiary,2010,4471,1.4656300270701807e-05,2010/07/06 06:00:00
NL13,Heating Tertiary,2010,4472,1.2830700236982982e-05,2010/07/06 07:00:00
NL13,Heating Tertiary,2010,4473,1.1172100206348645e-05,2010/07/06 08:00:00
NL13,Heating Tertiary,2010,4474,9.874510182382164e-06,2010/07/06 09:00:00
NL13,Heating Tertiary,2010,4475,8.980740165874231e-06,2010/07/06 10:00:00
NL13,Heating Tertiary,2010,4476,8.309520153476802e-06,2010/07/06 11:00:00
NL13,Heating Tertiary,2010,4477,7.849200144974694e-06,2010/07/06 12:00:00
NL13,Heating Tertiary,2010,4478,7.633530140991271e-06,2010/07/06 13:00:00
NL13,Heating Tertiary,2010,4479,7.633100140983328e-06,2010/07/06 14:00:00
NL13,Heating Tertiary,2010,4480,7.717140142535547e-06,2010/07/06 15:00:00
NL13,Heating Tertiary,2010,4481,7.744310143037377e-06,2010/07/06 16:00:00
NL13,Heating Tertiary,2010,4482,7.779330143684197e-06,2010/07/06 17:00:00
NL13,Heating Tertiary,2010,4483,7.942840146704223e-06,2010/07/06 18:00:00
NL13,Heating Tertiary,2010,4484,8.450250156076086e-06,2010/07/06 19:00:00
NL13,Heating Tertiary,2010,4485,9.472490174956856e-06,2010/07/06 20:00:00
NL13,Heating Tertiary,2010,4486,1.1008500203326954e-05,2010/07/06 21:00:00
NL13,Heating Tertiary,2010,4487,1.2842700237204623e-05,2010/07/06 22:00:00
NL13,Heating Tertiary,2010,4488,1.4600100269663792e-05,2010/07/06 23:00:00
NL13,Heating Tertiary,2010,4489,1.597130029498985e-05,2010/07/07 00:00:00
NL13,Heating Tertiary,2010,4490,1.6806500310415992e-05,2010/07/07 01:00:00
NL13,Heating Tertiary,2010,4491,1.7237200318371023e-05,2010/07/07 02:00:00
NL13,Heating Tertiary,2010,4492,1.7424400321828602e-05,2010/07/07 03:00:00
NL13,Heating Tertiary,2010,4493,1.716590031705411e-05,2010/07/07 04:00:00
NL13,Heating Tertiary,2010,4494,1.62114002994245e-05,2010/07/07 05:00:00
NL13,Heating Tertiary,2010,4495,1.4656300270701807e-05,2010/07/07 06:00:00
NL13,Heating Tertiary,2010,4496,1.2830700236982982e-05,2010/07/07 07:00:00
NL13,Heating Tertiary,2010,4497,1.1172100206348645e-05,2010/07/07 08:00:00
NL13,Heating Tertiary,2010,4498,9.874510182382164e-06,2010/07/07 09:00:00
NL13,Heating Tertiary,2010,4499,8.980740165874231e-06,2010/07/07 10:00:00
NL13,Heating Tertiary,2010,4500,8.309520153476802e-06,2010/07/07 11:00:00
NL13,Heating Tertiary,2010,4501,7.849200144974694e-06,2010/07/07 12:00:00
NL13,Heating Tertiary,2010,4502,7.633530140991271e-06,2010/07/07 13:00:00
NL13,Heating Tertiary,2010,4503,7.633100140983328e-06,2010/07/07 14:00:00
NL13,Heating Tertiary,2010,4504,7.717140142535547e-06,2010/07/07 15:00:00
NL13,Heating Tertiary,2010,4505,7.744310143037377e-06,2010/07/07 16:00:00
NL13,Heating Tertiary,2010,4506,7.779330143684197e-06,2010/07/07 17:00:00
NL13,Heating Tertiary,2010,4507,7.942840146704223e-06,2010/07/07 18:00:00
NL13,Heating Tertiary,2010,4508,8.450250156076086e-06,2010/07/07 19:00:00
NL13,Heating Tertiary,2010,4509,9.472490174956856e-06,2010/07/07 20:00:00
NL13,Heating Tertiary,2010,4510,1.1008500203326954e-05,2010/07/07 21:00:00
NL13,Heating Tertiary,2010,4511,1.2842700237204623e-05,2010/07/07 22:00:00
NL13,Heating Tertiary,2010,4512,1.4600100269663792e-05,2010/07/07 23:00:00
NL13,Heating Tertiary,2010,4513,1.597130029498985e-05,2010/07/08 00:00:00
NL13,Heating Tertiary,2010,4514,1.6806500310415992e-05,2010/07/08 01:00:00
NL13,Heating Tertiary,2010,4515,1.7237200318371023e-05,2010/07/08 02:00:00
NL13,Heating Tertiary,2010,4516,1.7424400321828602e-05,2010/07/08 03:00:00
NL13,Heating Tertiary,2010,4517,1.716590031705411e-05,2010/07/08 04:00:00
NL13,Heating Tertiary,2010,4518,1.62114002994245e-05,2010/07/08 05:00:00
NL13,Heating Tertiary,2010,4519,1.4656300270701807e-05,2010/07/08 06:00:00
NL13,Heating Tertiary,2010,4520,1.2830700236982982e-05,2010/07/08 07:00:00
NL13,Heating Tertiary,2010,4521,1.1172100206348645e-05,2010/07/08 08:00:00
NL13,Heating Tertiary,2010,4522,9.874510182382164e-06,2010/07/08 09:00:00
NL13,Heating Tertiary,2010,4523,8.980740165874231e-06,2010/07/08 10:00:00
NL13,Heating Tertiary,2010,4524,8.309520153476802e-06,2010/07/08 11:00:00
NL13,Heating Tertiary,2010,4525,7.849200144974694e-06,2010/07/08 12:00:00
NL13,Heating Tertiary,2010,4526,7.633530140991271e-06,2010/07/08 13:00:00
NL13,Heating Tertiary,2010,4527,7.633100140983328e-06,2010/07/08 14:00:00
NL13,Heating Tertiary,2010,4528,7.717140142535547e-06,2010/07/08 15:00:00
NL13,Heating Tertiary,2010,4529,7.744310143037377e-06,2010/07/08 16:00:00
NL13,Heating Tertiary,2010,4530,7.779330143684197e-06,2010/07/08 17:00:00
NL13,Heating Tertiary,2010,4531,7.942840146704223e-06,2010/07/08 18:00:00
NL13,Heating Tertiary,2010,4532,8.450250156076086e-06,2010/07/08 19:00:00
NL13,Heating Tertiary,2010,4533,9.472490174956856e-06,2010/07/08 20:00:00
NL13,Heating Tertiary,2010,4534,1.1008500203326954e-05,2010/07/08 21:00:00
NL13,Heating Tertiary,2010,4535,1.2842700237204623e-05,2010/07/08 22:00:00
NL13,Heating Tertiary,2010,4536,1.4600100269663792e-05,2010/07/08 23:00:00
NL13,Heating Tertiary,2010,4537,1.597130029498985e-05,2010/07/09 00:00:00
NL13,Heating Tertiary,2010,4538,1.6806500310415992e-05,2010/07/09 01:00:00
NL13,Heating Tertiary,2010,4539,1.7237200318371023e-05,2010/07/09 02:00:00
NL13,Heating Tertiary,2010,4540,1.7424400321828602e-05,2010/07/09 03:00:00
NL13,Heating Tertiary,2010,4541,1.716590031705411e-05,2010/07/09 04:00:00
NL13,Heating Tertiary,2010,4542,1.62114002994245e-05,2010/07/09 05:00:00
NL13,Heating Tertiary,2010,4543,1.4656300270701807e-05,2010/07/09 06:00:00
NL13,Heating Tertiary,2010,4544,1.2830700236982982e-05,2010/07/09 07:00:00
NL13,Heating Tertiary,2010,4545,1.1172100206348645e-05,2010/07/09 08:00:00
NL13,Heating Tertiary,2010,4546,9.874510182382164e-06,2010/07/09 09:00:00
NL13,Heating Tertiary,2010,4547,8.980740165874231e-06,2010/07/09 10:00:00
NL13,Heating Tertiary,2010,4548,8.309520153476802e-06,2010/07/09 11:00:00
NL13,Heating Tertiary,2010,4549,7.849200144974694e-06,2010/07/09 12:00:00
NL13,Heating Tertiary,2010,4550,7.633530140991271e-06,2010/07/09 13:00:00
NL13,Heating Tertiary,2010,4551,7.633100140983328e-06,2010/07/09 14:00:00
NL13,Heating Tertiary,2010,4552,7.717140142535547e-06,2010/07/09 15:00:00
NL13,Heating Tertiary,2010,4553,7.744310143037377e-06,2010/07/09 16:00:00
NL13,Heating Tertiary,2010,4554,7.779330143684197e-06,2010/07/09 17:00:00
NL13,Heating Tertiary,2010,4555,7.942840146704223e-06,2010/07/09 18:00:00
NL13,Heating Tertiary,2010,4556,8.450250156076086e-06,2010/07/09 19:00:00
NL13,Heating Tertiary,2010,4557,9.472490174956856e-06,2010/07/09 20:00:00
NL13,Heating Tertiary,2010,4558,1.1008500203326954e-05,2010/07/09 21:00:00
NL13,Heating Tertiary,2010,4559,1.2842700237204623e-05,2010/07/09 22:00:00
NL13,Heating Tertiary,2010,4560,1.4600100269663792e-05,2010/07/09 23:00:00
NL13,Heating Tertiary,2010,4561,1.6823100310722593e-05,2010/07/10 00:00:00
NL13,Heating Tertiary,2010,4562,1.7648900325975117e-05,2010/07/10 01:00:00
NL13,Heating Tertiary,2010,4563,1.8141000335064202e-05,2010/07/10 02:00:00
NL13,Heating Tertiary,2010,4564,1.8430100340403878e-05,2010/07/10 03:00:00
NL13,Heating Tertiary,2010,4565,1.8234200336785608e-05,2010/07/10 04:00:00
NL13,Heating Tertiary,2010,4566,1.7313300319776587e-05,2010/07/10 05:00:00
NL13,Heating Tertiary,2010,4567,1.575860029106128e-05,2010/07/10 06:00:00
NL13,Heating Tertiary,2010,4568,1.388930025653532e-05,2010/07/10 07:00:00
NL13,Heating Tertiary,2010,4569,1.2062600222796178e-05,2010/07/10 08:00:00
NL13,Heating Tertiary,2010,4570,1.0582200195453195e-05,2010/07/10 09:00:00
NL13,Heating Tertiary,2010,4571,9.525340175932995e-06,2010/07/10 10:00:00
NL13,Heating Tertiary,2010,4572,8.752190161652916e-06,2010/07/10 11:00:00
NL13,Heating Tertiary,2010,4573,8.193730151338163e-06,2010/07/10 12:00:00
NL13,Heating Tertiary,2010,4574,7.931140146488125e-06,2010/07/10 13:00:00
NL13,Heating Tertiary,2010,4575,7.949090146819662e-06,2010/07/10 14:00:00
NL13,Heating Tertiary,2010,4576,8.06228014891028e-06,2010/07/10 15:00:00
NL13,Heating Tertiary,2010,4577,8.102630149655546e-06,2010/07/10 16:00:00
NL13,Heating Tertiary,2010,4578,8.091800149455515e-06,2010/07/10 17:00:00
NL13,Heating Tertiary,2010,4579,8.169280150886572e-06,2010/07/10 18:00:00
NL13,Heating Tertiary,2010,4580,8.594630158742785e-06,2010/07/10 19:00:00
NL13,Heating Tertiary,2010,4581,9.655060178328924e-06,2010/07/10 20:00:00
NL13,Heating Tertiary,2010,4582,1.1348800209612295e-05,2010/07/10 21:00:00
NL13,Heating Tertiary,2010,4583,1.3450600248432532e-05,2010/07/10 22:00:00
NL13,Heating Tertiary,2010,4584,1.538070028408147e-05,2010/07/10 23:00:00
NL13,Heating Tertiary,2010,4585,1.707720031541582e-05,2010/07/11 00:00:00
NL13,Heating Tertiary,2010,4586,1.8157200335363417e-05,2010/07/11 01:00:00
NL13,Heating Tertiary,2010,4587,1.8643300344341683e-05,2010/07/11 02:00:00
NL13,Heating Tertiary,2010,4588,1.884130034799874e-05,2010/07/11 03:00:00
NL13,Heating Tertiary,2010,4589,1.8561700342834528e-05,2010/07/11 04:00:00
NL13,Heating Tertiary,2010,4590,1.762590032555031e-05,2010/07/11 05:00:00
NL13,Heating Tertiary,2010,4591,1.6085100297091737e-05,2010/07/11 06:00:00
NL13,Heating Tertiary,2010,4592,1.422290026269691e-05,2010/07/11 07:00:00
NL13,Heating Tertiary,2010,4593,1.2444200229844328e-05,2010/07/11 08:00:00
NL13,Heating Tertiary,2010,4594,1.1055500204195043e-05,2010/07/11 09:00:00
NL13,Heating Tertiary,2010,4595,1.010440018662823e-05,2010/07/11 10:00:00
NL13,Heating Tertiary,2010,4596,9.377620173204607e-06,2010/07/11 11:00:00
NL13,Heating Tertiary,2010,4597,8.801890162570877e-06,2010/07/11 12:00:00
NL13,Heating Tertiary,2010,4598,8.480760156639607e-06,2010/07/11 13:00:00
NL13,Heating Tertiary,2010,4599,8.333720153923777e-06,2010/07/11 14:00:00
NL13,Heating Tertiary,2010,4600,8.27498015283885e-06,2010/07/11 15:00:00
NL13,Heating Tertiary,2010,4601,8.166560150836334e-06,2010/07/11 16:00:00
NL13,Heating Tertiary,2010,4602,8.118780149953837e-06,2010/07/11 17:00:00
NL13,Heating Tertiary,2010,4603,8.236740152132557e-06,2010/07/11 18:00:00
NL13,Heating Tertiary,2010,4604,8.711350160898602e-06,2010/07/11 19:00:00
NL13,Heating Tertiary,2010,4605,9.739660179891485e-06,2010/07/11 20:00:00
NL13,Heating Tertiary,2010,4606,1.130530020880885e-05,2010/07/11 21:00:00
NL13,Heating Tertiary,2010,4607,1.3290400245473639e-05,2010/07/11 22:00:00
NL13,Heating Tertiary,2010,4608,1.5366900283826585e-05,2010/07/11 23:00:00
NL13,Heating Tertiary,2010,4609,1.597130029498985e-05,2010/07/12 00:00:00
NL13,Heating Tertiary,2010,4610,1.6806500310415992e-05,2010/07/12 01:00:00
NL13,Heating Tertiary,2010,4611,1.7237200318371023e-05,2010/07/12 02:00:00
NL13,Heating Tertiary,2010,4612,1.7424400321828602e-05,2010/07/12 03:00:00
NL13,Heating Tertiary,2010,4613,1.716590031705411e-05,2010/07/12 04:00:00
NL13,Heating Tertiary,2010,4614,1.62114002994245e-05,2010/07/12 05:00:00
NL13,Heating Tertiary,2010,4615,1.4656300270701807e-05,2010/07/12 06:00:00
NL13,Heating Tertiary,2010,4616,1.2830700236982982e-05,2010/07/12 07:00:00
NL13,Heating Tertiary,2010,4617,1.1172100206348645e-05,2010/07/12 08:00:00
NL13,Heating Tertiary,2010,4618,9.874510182382164e-06,2010/07/12 09:00:00
NL13,Heating Tertiary,2010,4619,8.980740165874231e-06,2010/07/12 10:00:00
NL13,Heating Tertiary,2010,4620,8.309520153476802e-06,2010/07/12 11:00:00
NL13,Heating Tertiary,2010,4621,7.849200144974694e-06,2010/07/12 12:00:00
NL13,Heating Tertiary,2010,4622,7.633530140991271e-06,2010/07/12 13:00:00
NL13,Heating Tertiary,2010,4623,7.633100140983328e-06,2010/07/12 14:00:00
NL13,Heating Tertiary,2010,4624,7.717140142535547e-06,2010/07/12 15:00:00
NL13,Heating Tertiary,2010,4625,7.744310143037377e-06,2010/07/12 16:00:00
NL13,Heating Tertiary,2010,4626,7.779330143684197e-06,2010/07/12 17:00:00
NL13,Heating Tertiary,2010,4627,7.942840146704223e-06,2010/07/12 18:00:00
NL13,Heating Tertiary,2010,4628,8.450250156076086e-06,2010/07/12 19:00:00
NL13,Heating Tertiary,2010,4629,9.472490174956856e-06,2010/07/12 20:00:00
NL13,Heating Tertiary,2010,4630,1.1008500203326954e-05,2010/07/12 21:00:00
NL13,Heating Tertiary,2010,4631,1.2842700237204623e-05,2010/07/12 22:00:00
NL13,Heating Tertiary,2010,4632,1.4600100269663792e-05,2010/07/12 23:00:00
NL13,Heating Tertiary,2010,4633,1.597130029498985e-05,2010/07/13 00:00:00
NL13,Heating Tertiary,2010,4634,1.6806500310415992e-05,2010/07/13 01:00:00
NL13,Heating Tertiary,2010,4635,1.7237200318371023e-05,2010/07/13 02:00:00
NL13,Heating Tertiary,2010,4636,1.7424400321828602e-05,2010/07/13 03:00:00
NL13,Heating Tertiary,2010,4637,1.716590031705411e-05,2010/07/13 04:00:00
NL13,Heating Tertiary,2010,4638,1.62114002994245e-05,2010/07/13 05:00:00
NL13,Heating Tertiary,2010,4639,1.4656300270701807e-05,2010/07/13 06:00:00
NL13,Heating Tertiary,2010,4640,1.2830700236982982e-05,2010/07/13 07:00:00
NL13,Heating Tertiary,2010,4641,1.1172100206348645e-05,2010/07/13 08:00:00
NL13,Heating Tertiary,2010,4642,9.874510182382164e-06,2010/07/13 09:00:00
NL13,Heating Tertiary,2010,4643,8.980740165874231e-06,2010/07/13 10:00:00
NL13,Heating Tertiary,2010,4644,8.309520153476802e-06,2010/07/13 11:00:00
NL13,Heating Tertiary,2010,4645,7.849200144974694e-06,2010/07/13 12:00:00
NL13,Heating Tertiary,2010,4646,7.633530140991271e-06,2010/07/13 13:00:00
NL13,Heating Tertiary,2010,4647,7.633100140983328e-06,2010/07/13 14:00:00
NL13,Heating Tertiary,2010,4648,7.717140142535547e-06,2010/07/13 15:00:00
NL13,Heating Tertiary,2010,4649,7.744310143037377e-06,2010/07/13 16:00:00
NL13,Heating Tertiary,2010,4650,7.779330143684197e-06,2010/07/13 17:00:00
NL13,Heating Tertiary,2010,4651,7.942840146704223e-06,2010/07/13 18:00:00
NL13,Heating Tertiary,2010,4652,8.450250156076086e-06,2010/07/13 19:00:00
NL13,Heating Tertiary,2010,4653,9.472490174956856e-06,2010/07/13 20:00:00
NL13,Heating Tertiary,2010,4654,1.1008500203326954e-05,2010/07/13 21:00:00
NL13,Heating Tertiary,2010,4655,1.2842700237204623e-05,2010/07/13 22:00:00
NL13,Heating Tertiary,2010,4656,1.4600100269663792e-05,2010/07/13 23:00:00
NL13,Heating Tertiary,2010,4657,1.597130029498985e-05,2010/07/14 00:00:00
NL13,Heating Tertiary,2010,4658,1.6806500310415992e-05,2010/07/14 01:00:00
NL13,Heating Tertiary,2010,4659,1.7237200318371023e-05,2010/07/14 02:00:00
NL13,Heating Tertiary,2010,4660,1.7424400321828602e-05,2010/07/14 03:00:00
NL13,Heating Tertiary,2010,4661,1.716590031705411e-05,2010/07/14 04:00:00
NL13,Heating Tertiary,2010,4662,1.62114002994245e-05,2010/07/14 05:00:00
NL13,Heating Tertiary,2010,4663,1.4656300270701807e-05,2010/07/14 06:00:00
NL13,Heating Tertiary,2010,4664,1.2830700236982982e-05,2010/07/14 07:00:00
NL13,Heating Tertiary,2010,4665,1.1172100206348645e-05,2010/07/14 08:00:00
NL13,Heating Tertiary,2010,4666,9.874510182382164e-06,2010/07/14 09:00:00
NL13,Heating Tertiary,2010,4667,8.980740165874231e-06,2010/07/14 10:00:00
NL13,Heating Tertiary,2010,4668,8.309520153476802e-06,2010/07/14 11:00:00
NL13,Heating Tertiary,2010,4669,7.849200144974694e-06,2010/07/14 12:00:00
NL13,Heating Tertiary,2010,4670,7.633530140991271e-06,2010/07/14 13:00:00
NL13,Heating Tertiary,2010,4671,7.633100140983328e-06,2010/07/14 14:00:00
NL13,Heating Tertiary,2010,4672,7.717140142535547e-06,2010/07/14 15:00:00
NL13,Heating Tertiary,2010,4673,7.744310143037377e-06,2010/07/14 16:00:00
NL13,Heating Tertiary,2010,4674,7.779330143684197e-06,2010/07/14 17:00:00
NL13,Heating Tertiary,2010,4675,7.942840146704223e-06,2010/07/14 18:00:00
NL13,Heating Tertiary,2010,4676,8.450250156076086e-06,2010/07/14 19:00:00
NL13,Heating Tertiary,2010,4677,9.472490174956856e-06,2010/07/14 20:00:00
NL13,Heating Tertiary,2010,4678,1.1008500203326954e-05,2010/07/14 21:00:00
NL13,Heating Tertiary,2010,4679,1.2842700237204623e-05,2010/07/14 22:00:00
NL13,Heating Tertiary,2010,4680,1.4600100269663792e-05,2010/07/14 23:00:00
NL13,Heating Tertiary,2010,4681,1.597130029498985e-05,2010/07/15 00:00:00
NL13,Heating Tertiary,2010,4682,1.6806500310415992e-05,2010/07/15 01:00:00
NL13,Heating Tertiary,2010,4683,1.7237200318371023e-05,2010/07/15 02:00:00
NL13,Heating Tertiary,2010,4684,1.7424400321828602e-05,2010/07/15 03:00:00
NL13,Heating Tertiary,2010,4685,1.716590031705411e-05,2010/07/15 04:00:00
NL13,Heating Tertiary,2010,4686,1.62114002994245e-05,2010/07/15 05:00:00
NL13,Heating Tertiary,2010,4687,1.4656300270701807e-05,2010/07/15 06:00:00
NL13,Heating Tertiary,2010,4688,1.2830700236982982e-05,2010/07/15 07:00:00
NL13,Heating Tertiary,2010,4689,1.1172100206348645e-05,2010/07/15 08:00:00
NL13,Heating Tertiary,2010,4690,9.874510182382164e-06,2010/07/15 09:00:00
NL13,Heating Tertiary,2010,4691,8.980740165874231e-06,2010/07/15 10:00:00
NL13,Heating Tertiary,2010,4692,8.309520153476802e-06,2010/07/15 11:00:00
NL13,Heating Tertiary,2010,4693,7.849200144974694e-06,2010/07/15 12:00:00
NL13,Heating Tertiary,2010,4694,7.633530140991271e-06,2010/07/15 13:00:00
NL13,Heating Tertiary,2010,4695,7.633100140983328e-06,2010/07/15 14:00:00
NL13,Heating Tertiary,2010,4696,7.717140142535547e-06,2010/07/15 15:00:00
NL13,Heating Tertiary,2010,4697,7.744310143037377e-06,2010/07/15 16:00:00
NL13,Heating Tertiary,2010,4698,7.779330143684197e-06,2010/07/15 17:00:00
NL13,Heating Tertiary,2010,4699,7.942840146704223e-06,2010/07/15 18:00:00
NL13,Heating Tertiary,2010,4700,8.450250156076086e-06,2010/07/15 19:00:00
NL13,Heating Tertiary,2010,4701,9.472490174956856e-06,2010/07/15 20:00:00
NL13,Heating Tertiary,2010,4702,1.1008500203326954e-05,2010/07/15 21:00:00
NL13,Heating Tertiary,2010,4703,1.2842700237204623e-05,2010/07/15 22:00:00
NL13,Heating Tertiary,2010,4704,1.4600100269663792e-05,2010/07/15 23:00:00
NL13,Heating Tertiary,2010,4705,1.597130029498985e-05,2010/07/16 00:00:00
NL13,Heating Tertiary,2010,4706,1.6806500310415992e-05,2010/07/16 01:00:00
NL13,Heating Tertiary,2010,4707,1.7237200318371023e-05,2010/07/16 02:00:00
NL13,Heating Tertiary,2010,4708,1.7424400321828602e-05,2010/07/16 03:00:00
NL13,Heating Tertiary,2010,4709,1.716590031705411e-05,2010/07/16 04:00:00
NL13,Heating Tertiary,2010,4710,1.62114002994245e-05,2010/07/16 05:00:00
NL13,Heating Tertiary,2010,4711,1.4656300270701807e-05,2010/07/16 06:00:00
NL13,Heating Tertiary,2010,4712,1.2830700236982982e-05,2010/07/16 07:00:00
NL13,Heating Tertiary,2010,4713,1.1172100206348645e-05,2010/07/16 08:00:00
NL13,Heating Tertiary,2010,4714,9.874510182382164e-06,2010/07/16 09:00:00
NL13,Heating Tertiary,2010,4715,8.980740165874231e-06,2010/07/16 10:00:00
NL13,Heating Tertiary,2010,4716,8.309520153476802e-06,2010/07/16 11:00:00
NL13,Heating Tertiary,2010,4717,7.849200144974694e-06,2010/07/16 12:00:00
NL13,Heating Tertiary,2010,4718,7.633530140991271e-06,2010/07/16 13:00:00
NL13,Heating Tertiary,2010,4719,7.633100140983328e-06,2010/07/16 14:00:00
NL13,Heating Tertiary,2010,4720,7.717140142535547e-06,2010/07/16 15:00:00
NL13,Heating Tertiary,2010,4721,7.744310143037377e-06,2010/07/16 16:00:00
NL13,Heating Tertiary,2010,4722,7.779330143684197e-06,2010/07/16 17:00:00
NL13,Heating Tertiary,2010,4723,7.942840146704223e-06,2010/07/16 18:00:00
NL13,Heating Tertiary,2010,4724,8.450250156076086e-06,2010/07/16 19:00:00
NL13,Heating Tertiary,2010,4725,9.472490174956856e-06,2010/07/16 20:00:00
NL13,Heating Tertiary,2010,4726,1.1008500203326954e-05,2010/07/16 21:00:00
NL13,Heating Tertiary,2010,4727,1.2842700237204623e-05,2010/07/16 22:00:00
NL13,Heating Tertiary,2010,4728,1.4600100269663792e-05,2010/07/16 23:00:00
NL13,Heating Tertiary,2010,4729,1.6823100310722593e-05,2010/07/17 00:00:00
NL13,Heating Tertiary,2010,4730,1.7648900325975117e-05,2010/07/17 01:00:00
NL13,Heating Tertiary,2010,4731,1.8141000335064202e-05,2010/07/17 02:00:00
NL13,Heating Tertiary,2010,4732,1.8430100340403878e-05,2010/07/17 03:00:00
NL13,Heating Tertiary,2010,4733,1.8234200336785608e-05,2010/07/17 04:00:00
NL13,Heating Tertiary,2010,4734,1.7313300319776587e-05,2010/07/17 05:00:00
NL13,Heating Tertiary,2010,4735,1.575860029106128e-05,2010/07/17 06:00:00
NL13,Heating Tertiary,2010,4736,1.388930025653532e-05,2010/07/17 07:00:00
NL13,Heating Tertiary,2010,4737,1.2062600222796178e-05,2010/07/17 08:00:00
NL13,Heating Tertiary,2010,4738,1.0582200195453195e-05,2010/07/17 09:00:00
NL13,Heating Tertiary,2010,4739,9.525340175932995e-06,2010/07/17 10:00:00
NL13,Heating Tertiary,2010,4740,8.752190161652916e-06,2010/07/17 11:00:00
NL13,Heating Tertiary,2010,4741,8.193730151338163e-06,2010/07/17 12:00:00
NL13,Heating Tertiary,2010,4742,7.931140146488125e-06,2010/07/17 13:00:00
NL13,Heating Tertiary,2010,4743,7.949090146819662e-06,2010/07/17 14:00:00
NL13,Heating Tertiary,2010,4744,8.06228014891028e-06,2010/07/17 15:00:00
NL13,Heating Tertiary,2010,4745,8.102630149655546e-06,2010/07/17 16:00:00
NL13,Heating Tertiary,2010,4746,8.091800149455515e-06,2010/07/17 17:00:00
NL13,Heating Tertiary,2010,4747,8.169280150886572e-06,2010/07/17 18:00:00
NL13,Heating Tertiary,2010,4748,8.594630158742785e-06,2010/07/17 19:00:00
NL13,Heating Tertiary,2010,4749,9.655060178328924e-06,2010/07/17 20:00:00
NL13,Heating Tertiary,2010,4750,1.1348800209612295e-05,2010/07/17 21:00:00
NL13,Heating Tertiary,2010,4751,1.3450600248432532e-05,2010/07/17 22:00:00
NL13,Heating Tertiary,2010,4752,1.538070028408147e-05,2010/07/17 23:00:00
NL13,Heating Tertiary,2010,4753,1.707720031541582e-05,2010/07/18 00:00:00
NL13,Heating Tertiary,2010,4754,1.8157200335363417e-05,2010/07/18 01:00:00
NL13,Heating Tertiary,2010,4755,1.8643300344341683e-05,2010/07/18 02:00:00
NL13,Heating Tertiary,2010,4756,1.884130034799874e-05,2010/07/18 03:00:00
NL13,Heating Tertiary,2010,4757,1.8561700342834528e-05,2010/07/18 04:00:00
NL13,Heating Tertiary,2010,4758,1.762590032555031e-05,2010/07/18 05:00:00
NL13,Heating Tertiary,2010,4759,1.6085100297091737e-05,2010/07/18 06:00:00
NL13,Heating Tertiary,2010,4760,1.422290026269691e-05,2010/07/18 07:00:00
NL13,Heating Tertiary,2010,4761,1.2444200229844328e-05,2010/07/18 08:00:00
NL13,Heating Tertiary,2010,4762,1.1055500204195043e-05,2010/07/18 09:00:00
NL13,Heating Tertiary,2010,4763,1.010440018662823e-05,2010/07/18 10:00:00
NL13,Heating Tertiary,2010,4764,9.377620173204607e-06,2010/07/18 11:00:00
NL13,Heating Tertiary,2010,4765,8.801890162570877e-06,2010/07/18 12:00:00
NL13,Heating Tertiary,2010,4766,8.480760156639607e-06,2010/07/18 13:00:00
NL13,Heating Tertiary,2010,4767,8.333720153923777e-06,2010/07/18 14:00:00
NL13,Heating Tertiary,2010,4768,8.27498015283885e-06,2010/07/18 15:00:00
NL13,Heating Tertiary,2010,4769,8.166560150836334e-06,2010/07/18 16:00:00
NL13,Heating Tertiary,2010,4770,8.118780149953837e-06,2010/07/18 17:00:00
NL13,Heating Tertiary,2010,4771,8.236740152132557e-06,2010/07/18 18:00:00
NL13,Heating Tertiary,2010,4772,8.711350160898602e-06,2010/07/18 19:00:00
NL13,Heating Tertiary,2010,4773,9.739660179891485e-06,2010/07/18 20:00:00
NL13,Heating Tertiary,2010,4774,1.130530020880885e-05,2010/07/18 21:00:00
NL13,Heating Tertiary,2010,4775,1.3290400245473639e-05,2010/07/18 22:00:00
NL13,Heating Tertiary,2010,4776,1.5366900283826585e-05,2010/07/18 23:00:00
NL13,Heating Tertiary,2010,4777,1.597130029498985e-05,2010/07/19 00:00:00
NL13,Heating Tertiary,2010,4778,1.6806500310415992e-05,2010/07/19 01:00:00
NL13,Heating Tertiary,2010,4779,1.7237200318371023e-05,2010/07/19 02:00:00
NL13,Heating Tertiary,2010,4780,1.7424400321828602e-05,2010/07/19 03:00:00
NL13,Heating Tertiary,2010,4781,1.716590031705411e-05,2010/07/19 04:00:00
NL13,Heating Tertiary,2010,4782,1.62114002994245e-05,2010/07/19 05:00:00
NL13,Heating Tertiary,2010,4783,1.4656300270701807e-05,2010/07/19 06:00:00
NL13,Heating Tertiary,2010,4784,1.2830700236982982e-05,2010/07/19 07:00:00
NL13,Heating Tertiary,2010,4785,1.1172100206348645e-05,2010/07/19 08:00:00
NL13,Heating Tertiary,2010,4786,9.874510182382164e-06,2010/07/19 09:00:00
NL13,Heating Tertiary,2010,4787,8.980740165874231e-06,2010/07/19 10:00:00
NL13,Heating Tertiary,2010,4788,8.309520153476802e-06,2010/07/19 11:00:00
NL13,Heating Tertiary,2010,4789,7.849200144974694e-06,2010/07/19 12:00:00
NL13,Heating Tertiary,2010,4790,7.633530140991271e-06,2010/07/19 13:00:00
NL13,Heating Tertiary,2010,4791,7.633100140983328e-06,2010/07/19 14:00:00
NL13,Heating Tertiary,2010,4792,7.717140142535547e-06,2010/07/19 15:00:00
NL13,Heating Tertiary,2010,4793,7.744310143037377e-06,2010/07/19 16:00:00
NL13,Heating Tertiary,2010,4794,7.779330143684197e-06,2010/07/19 17:00:00
NL13,Heating Tertiary,2010,4795,7.942840146704223e-06,2010/07/19 18:00:00
NL13,Heating Tertiary,2010,4796,8.450250156076086e-06,2010/07/19 19:00:00
NL13,Heating Tertiary,2010,4797,9.472490174956856e-06,2010/07/19 20:00:00
NL13,Heating Tertiary,2010,4798,1.1008500203326954e-05,2010/07/19 21:00:00
NL13,Heating Tertiary,2010,4799,1.2842700237204623e-05,2010/07/19 22:00:00
NL13,Heating Tertiary,2010,4800,1.4600100269663792e-05,2010/07/19 23:00:00
NL13,Heating Tertiary,2010,4801,1.597130029498985e-05,2010/07/20 00:00:00
NL13,Heating Tertiary,2010,4802,1.6806500310415992e-05,2010/07/20 01:00:00
NL13,Heating Tertiary,2010,4803,1.7237200318371023e-05,2010/07/20 02:00:00
NL13,Heating Tertiary,2010,4804,1.7424400321828602e-05,2010/07/20 03:00:00
NL13,Heating Tertiary,2010,4805,1.716590031705411e-05,2010/07/20 04:00:00
NL13,Heating Tertiary,2010,4806,1.62114002994245e-05,2010/07/20 05:00:00
NL13,Heating Tertiary,2010,4807,1.4656300270701807e-05,2010/07/20 06:00:00
NL13,Heating Tertiary,2010,4808,1.2830700236982982e-05,2010/07/20 07:00:00
NL13,Heating Tertiary,2010,4809,1.1172100206348645e-05,2010/07/20 08:00:00
NL13,Heating Tertiary,2010,4810,9.874510182382164e-06,2010/07/20 09:00:00
NL13,Heating Tertiary,2010,4811,8.980740165874231e-06,2010/07/20 10:00:00
NL13,Heating Tertiary,2010,4812,8.309520153476802e-06,2010/07/20 11:00:00
NL13,Heating Tertiary,2010,4813,7.849200144974694e-06,2010/07/20 12:00:00
NL13,Heating Tertiary,2010,4814,7.633530140991271e-06,2010/07/20 13:00:00
NL13,Heating Tertiary,2010,4815,7.633100140983328e-06,2010/07/20 14:00:00
NL13,Heating Tertiary,2010,4816,7.717140142535547e-06,2010/07/20 15:00:00
NL13,Heating Tertiary,2010,4817,7.744310143037377e-06,2010/07/20 16:00:00
NL13,Heating Tertiary,2010,4818,7.779330143684197e-06,2010/07/20 17:00:00
NL13,Heating Tertiary,2010,4819,7.942840146704223e-06,2010/07/20 18:00:00
NL13,Heating Tertiary,2010,4820,8.450250156076086e-06,2010/07/20 19:00:00
NL13,Heating Tertiary,2010,4821,9.472490174956856e-06,2010/07/20 20:00:00
NL13,Heating Tertiary,2010,4822,1.1008500203326954e-05,2010/07/20 21:00:00
NL13,Heating Tertiary,2010,4823,1.2842700237204623e-05,2010/07/20 22:00:00
NL13,Heating Tertiary,2010,4824,1.4600100269663792e-05,2010/07/20 23:00:00
NL13,Heating Tertiary,2010,4825,1.597130029498985e-05,2010/07/21 00:00:00
NL13,Heating Tertiary,2010,4826,1.6806500310415992e-05,2010/07/21 01:00:00
NL13,Heating Tertiary,2010,4827,1.7237200318371023e-05,2010/07/21 02:00:00
NL13,Heating Tertiary,2010,4828,1.7424400321828602e-05,2010/07/21 03:00:00
NL13,Heating Tertiary,2010,4829,1.716590031705411e-05,2010/07/21 04:00:00
NL13,Heating Tertiary,2010,4830,1.62114002994245e-05,2010/07/21 05:00:00
NL13,Heating Tertiary,2010,4831,1.4656300270701807e-05,2010/07/21 06:00:00
NL13,Heating Tertiary,2010,4832,1.2830700236982982e-05,2010/07/21 07:00:00
NL13,Heating Tertiary,2010,4833,1.1172100206348645e-05,2010/07/21 08:00:00
NL13,Heating Tertiary,2010,4834,9.874510182382164e-06,2010/07/21 09:00:00
NL13,Heating Tertiary,2010,4835,8.980740165874231e-06,2010/07/21 10:00:00
NL13,Heating Tertiary,2010,4836,8.309520153476802e-06,2010/07/21 11:00:00
NL13,Heating Tertiary,2010,4837,7.849200144974694e-06,2010/07/21 12:00:00
NL13,Heating Tertiary,2010,4838,7.633530140991271e-06,2010/07/21 13:00:00
NL13,Heating Tertiary,2010,4839,7.633100140983328e-06,2010/07/21 14:00:00
NL13,Heating Tertiary,2010,4840,7.717140142535547e-06,2010/07/21 15:00:00
NL13,Heating Tertiary,2010,4841,7.744310143037377e-06,2010/07/21 16:00:00
NL13,Heating Tertiary,2010,4842,7.779330143684197e-06,2010/07/21 17:00:00
NL13,Heating Tertiary,2010,4843,7.942840146704223e-06,2010/07/21 18:00:00
NL13,Heating Tertiary,2010,4844,8.450250156076086e-06,2010/07/21 19:00:00
NL13,Heating Tertiary,2010,4845,9.472490174956856e-06,2010/07/21 20:00:00
NL13,Heating Tertiary,2010,4846,1.1008500203326954e-05,2010/07/21 21:00:00
NL13,Heating Tertiary,2010,4847,1.2842700237204623e-05,2010/07/21 22:00:00
NL13,Heating Tertiary,2010,4848,1.4600100269663792e-05,2010/07/21 23:00:00
NL13,Heating Tertiary,2010,4849,1.597130029498985e-05,2010/07/22 00:00:00
NL13,Heating Tertiary,2010,4850,1.6806500310415992e-05,2010/07/22 01:00:00
NL13,Heating Tertiary,2010,4851,1.7237200318371023e-05,2010/07/22 02:00:00
NL13,Heating Tertiary,2010,4852,1.7424400321828602e-05,2010/07/22 03:00:00
NL13,Heating Tertiary,2010,4853,1.716590031705411e-05,2010/07/22 04:00:00
NL13,Heating Tertiary,2010,4854,1.62114002994245e-05,2010/07/22 05:00:00
NL13,Heating Tertiary,2010,4855,1.4656300270701807e-05,2010/07/22 06:00:00
NL13,Heating Tertiary,2010,4856,1.2830700236982982e-05,2010/07/22 07:00:00
NL13,Heating Tertiary,2010,4857,1.1172100206348645e-05,2010/07/22 08:00:00
NL13,Heating Tertiary,2010,4858,9.874510182382164e-06,2010/07/22 09:00:00
NL13,Heating Tertiary,2010,4859,8.980740165874231e-06,2010/07/22 10:00:00
NL13,Heating Tertiary,2010,4860,8.309520153476802e-06,2010/07/22 11:00:00
NL13,Heating Tertiary,2010,4861,7.849200144974694e-06,2010/07/22 12:00:00
NL13,Heating Tertiary,2010,4862,7.633530140991271e-06,2010/07/22 13:00:00
NL13,Heating Tertiary,2010,4863,7.633100140983328e-06,2010/07/22 14:00:00
NL13,Heating Tertiary,2010,4864,7.717140142535547e-06,2010/07/22 15:00:00
NL13,Heating Tertiary,2010,4865,7.744310143037377e-06,2010/07/22 16:00:00
NL13,Heating Tertiary,2010,4866,7.779330143684197e-06,2010/07/22 17:00:00
NL13,Heating Tertiary,2010,4867,7.942840146704223e-06,2010/07/22 18:00:00
NL13,Heating Tertiary,2010,4868,8.450250156076086e-06,2010/07/22 19:00:00
NL13,Heating Tertiary,2010,4869,9.472490174956856e-06,2010/07/22 20:00:00
NL13,Heating Tertiary,2010,4870,1.1008500203326954e-05,2010/07/22 21:00:00
NL13,Heating Tertiary,2010,4871,1.2842700237204623e-05,2010/07/22 22:00:00
NL13,Heating Tertiary,2010,4872,1.4600100269663792e-05,2010/07/22 23:00:00
NL13,Heating Tertiary,2010,4873,1.597130029498985e-05,2010/07/23 00:00:00
NL13,Heating Tertiary,2010,4874,1.6806500310415992e-05,2010/07/23 01:00:00
NL13,Heating Tertiary,2010,4875,1.7237200318371023e-05,2010/07/23 02:00:00
NL13,Heating Tertiary,2010,4876,1.7424400321828602e-05,2010/07/23 03:00:00
NL13,Heating Tertiary,2010,4877,1.716590031705411e-05,2010/07/23 04:00:00
NL13,Heating Tertiary,2010,4878,1.62114002994245e-05,2010/07/23 05:00:00
NL13,Heating Tertiary,2010,4879,1.4656300270701807e-05,2010/07/23 06:00:00
NL13,Heating Tertiary,2010,4880,1.2830700236982982e-05,2010/07/23 07:00:00
NL13,Heating Tertiary,2010,4881,1.1172100206348645e-05,2010/07/23 08:00:00
NL13,Heating Tertiary,2010,4882,9.874510182382164e-06,2010/07/23 09:00:00
NL13,Heating Tertiary,2010,4883,8.980740165874231e-06,2010/07/23 10:00:00
NL13,Heating Tertiary,2010,4884,8.309520153476802e-06,2010/07/23 11:00:00
NL13,Heating Tertiary,2010,4885,7.849200144974694e-06,2010/07/23 12:00:00
NL13,Heating Tertiary,2010,4886,7.633530140991271e-06,2010/07/23 13:00:00
NL13,Heating Tertiary,2010,4887,7.633100140983328e-06,2010/07/23 14:00:00
NL13,Heating Tertiary,2010,4888,7.717140142535547e-06,2010/07/23 15:00:00
NL13,Heating Tertiary,2010,4889,7.744310143037377e-06,2010/07/23 16:00:00
NL13,Heating Tertiary,2010,4890,7.779330143684197e-06,2010/07/23 17:00:00
NL13,Heating Tertiary,2010,4891,7.942840146704223e-06,2010/07/23 18:00:00
NL13,Heating Tertiary,2010,4892,8.450250156076086e-06,2010/07/23 19:00:00
NL13,Heating Tertiary,2010,4893,9.472490174956856e-06,2010/07/23 20:00:00
NL13,Heating Tertiary,2010,4894,1.1008500203326954e-05,2010/07/23 21:00:00
NL13,Heating Tertiary,2010,4895,1.2842700237204623e-05,2010/07/23 22:00:00
NL13,Heating Tertiary,2010,4896,1.4600100269663792e-05,2010/07/23 23:00:00
NL13,Heating Tertiary,2010,4897,1.6823100310722593e-05,2010/07/24 00:00:00
NL13,Heating Tertiary,2010,4898,1.7648900325975117e-05,2010/07/24 01:00:00
NL13,Heating Tertiary,2010,4899,1.8141000335064202e-05,2010/07/24 02:00:00
NL13,Heating Tertiary,2010,4900,1.8430100340403878e-05,2010/07/24 03:00:00
NL13,Heating Tertiary,2010,4901,1.8234200336785608e-05,2010/07/24 04:00:00
NL13,Heating Tertiary,2010,4902,1.7313300319776587e-05,2010/07/24 05:00:00
NL13,Heating Tertiary,2010,4903,1.575860029106128e-05,2010/07/24 06:00:00
NL13,Heating Tertiary,2010,4904,1.388930025653532e-05,2010/07/24 07:00:00
NL13,Heating Tertiary,2010,4905,1.2062600222796178e-05,2010/07/24 08:00:00
NL13,Heating Tertiary,2010,4906,1.0582200195453195e-05,2010/07/24 09:00:00
NL13,Heating Tertiary,2010,4907,9.525340175932995e-06,2010/07/24 10:00:00
NL13,Heating Tertiary,2010,4908,8.752190161652916e-06,2010/07/24 11:00:00
NL13,Heating Tertiary,2010,4909,8.193730151338163e-06,2010/07/24 12:00:00
NL13,Heating Tertiary,2010,4910,7.931140146488125e-06,2010/07/24 13:00:00
NL13,Heating Tertiary,2010,4911,7.949090146819662e-06,2010/07/24 14:00:00
NL13,Heating Tertiary,2010,4912,8.06228014891028e-06,2010/07/24 15:00:00
NL13,Heating Tertiary,2010,4913,8.102630149655546e-06,2010/07/24 16:00:00
NL13,Heating Tertiary,2010,4914,8.091800149455515e-06,2010/07/24 17:00:00
NL13,Heating Tertiary,2010,4915,8.169280150886572e-06,2010/07/24 18:00:00
NL13,Heating Tertiary,2010,4916,8.594630158742785e-06,2010/07/24 19:00:00
NL13,Heating Tertiary,2010,4917,9.655060178328924e-06,2010/07/24 20:00:00
NL13,Heating Tertiary,2010,4918,1.1348800209612295e-05,2010/07/24 21:00:00
NL13,Heating Tertiary,2010,4919,1.3450600248432532e-05,2010/07/24 22:00:00
NL13,Heating Tertiary,2010,4920,1.538070028408147e-05,2010/07/24 23:00:00
NL13,Heating Tertiary,2010,4921,3.70005006833991e-05,2010/07/25 00:00:00
NL13,Heating Tertiary,2010,4922,3.9340500726618886e-05,2010/07/25 01:00:00
NL13,Heating Tertiary,2010,4923,4.039400074607703e-05,2010/07/25 02:00:00
NL13,Heating Tertiary,2010,4924,4.082270075399512e-05,2010/07/25 03:00:00
NL13,Heating Tertiary,2010,4925,4.021700074280784e-05,2010/07/25 04:00:00
NL13,Heating Tertiary,2010,4926,3.818960070536177e-05,2010/07/25 05:00:00
NL13,Heating Tertiary,2010,4927,3.485110064369969e-05,2010/07/25 06:00:00
NL13,Heating Tertiary,2010,4928,3.081630056917695e-05,2010/07/25 07:00:00
NL13,Heating Tertiary,2010,4929,2.6962500497997275e-05,2010/07/25 08:00:00
NL13,Heating Tertiary,2010,4930,2.3953500442421053e-05,2010/07/25 09:00:00
NL13,Heating Tertiary,2010,4931,2.1892700404358087e-05,2010/07/25 10:00:00
NL13,Heating Tertiary,2010,4932,2.0318200375277078e-05,2010/07/25 11:00:00
NL13,Heating Tertiary,2010,4933,1.9070800352237605e-05,2010/07/25 12:00:00
NL13,Heating Tertiary,2010,4934,1.8375000339386183e-05,2010/07/25 13:00:00
NL13,Heating Tertiary,2010,4935,1.8056300333499794e-05,2010/07/25 14:00:00
NL13,Heating Tertiary,2010,4936,1.7929100331150408e-05,2010/07/25 15:00:00
NL13,Heating Tertiary,2010,4937,1.7694200326811807e-05,2010/07/25 16:00:00
NL13,Heating Tertiary,2010,4938,1.7590700324900162e-05,2010/07/25 17:00:00
NL13,Heating Tertiary,2010,4939,1.7846200329619248e-05,2010/07/25 18:00:00
NL13,Heating Tertiary,2010,4940,1.887460034861379e-05,2010/07/25 19:00:00
NL13,Heating Tertiary,2010,4941,2.1102500389763095e-05,2010/07/25 20:00:00
NL13,Heating Tertiary,2010,4942,2.449470045241702e-05,2010/07/25 21:00:00
NL13,Heating Tertiary,2010,4943,2.8795900531860166e-05,2010/07/25 22:00:00
NL13,Heating Tertiary,2010,4944,3.329510061496037e-05,2010/07/25 23:00:00
NL13,Heating Tertiary,2010,4945,1.597130029498985e-05,2010/07/26 00:00:00
NL13,Heating Tertiary,2010,4946,1.6806500310415992e-05,2010/07/26 01:00:00
NL13,Heating Tertiary,2010,4947,1.7237200318371023e-05,2010/07/26 02:00:00
NL13,Heating Tertiary,2010,4948,1.7424400321828602e-05,2010/07/26 03:00:00
NL13,Heating Tertiary,2010,4949,1.716590031705411e-05,2010/07/26 04:00:00
NL13,Heating Tertiary,2010,4950,1.62114002994245e-05,2010/07/26 05:00:00
NL13,Heating Tertiary,2010,4951,1.4656300270701807e-05,2010/07/26 06:00:00
NL13,Heating Tertiary,2010,4952,1.2830700236982982e-05,2010/07/26 07:00:00
NL13,Heating Tertiary,2010,4953,1.1172100206348645e-05,2010/07/26 08:00:00
NL13,Heating Tertiary,2010,4954,9.874510182382164e-06,2010/07/26 09:00:00
NL13,Heating Tertiary,2010,4955,8.980740165874231e-06,2010/07/26 10:00:00
NL13,Heating Tertiary,2010,4956,8.309520153476802e-06,2010/07/26 11:00:00
NL13,Heating Tertiary,2010,4957,7.849200144974694e-06,2010/07/26 12:00:00
NL13,Heating Tertiary,2010,4958,7.633530140991271e-06,2010/07/26 13:00:00
NL13,Heating Tertiary,2010,4959,7.633100140983328e-06,2010/07/26 14:00:00
NL13,Heating Tertiary,2010,4960,7.717140142535547e-06,2010/07/26 15:00:00
NL13,Heating Tertiary,2010,4961,7.744310143037377e-06,2010/07/26 16:00:00
NL13,Heating Tertiary,2010,4962,7.779330143684197e-06,2010/07/26 17:00:00
NL13,Heating Tertiary,2010,4963,7.942840146704223e-06,2010/07/26 18:00:00
NL13,Heating Tertiary,2010,4964,8.450250156076086e-06,2010/07/26 19:00:00
NL13,Heating Tertiary,2010,4965,9.472490174956856e-06,2010/07/26 20:00:00
NL13,Heating Tertiary,2010,4966,1.1008500203326954e-05,2010/07/26 21:00:00
NL13,Heating Tertiary,2010,4967,1.2842700237204623e-05,2010/07/26 22:00:00
NL13,Heating Tertiary,2010,4968,1.4600100269663792e-05,2010/07/26 23:00:00
NL13,Heating Tertiary,2010,4969,1.597130029498985e-05,2010/07/27 00:00:00
NL13,Heating Tertiary,2010,4970,1.6806500310415992e-05,2010/07/27 01:00:00
NL13,Heating Tertiary,2010,4971,1.7237200318371023e-05,2010/07/27 02:00:00
NL13,Heating Tertiary,2010,4972,1.7424400321828602e-05,2010/07/27 03:00:00
NL13,Heating Tertiary,2010,4973,1.716590031705411e-05,2010/07/27 04:00:00
NL13,Heating Tertiary,2010,4974,1.62114002994245e-05,2010/07/27 05:00:00
NL13,Heating Tertiary,2010,4975,1.4656300270701807e-05,2010/07/27 06:00:00
NL13,Heating Tertiary,2010,4976,1.2830700236982982e-05,2010/07/27 07:00:00
NL13,Heating Tertiary,2010,4977,1.1172100206348645e-05,2010/07/27 08:00:00
NL13,Heating Tertiary,2010,4978,9.874510182382164e-06,2010/07/27 09:00:00
NL13,Heating Tertiary,2010,4979,8.980740165874231e-06,2010/07/27 10:00:00
NL13,Heating Tertiary,2010,4980,8.309520153476802e-06,2010/07/27 11:00:00
NL13,Heating Tertiary,2010,4981,7.849200144974694e-06,2010/07/27 12:00:00
NL13,Heating Tertiary,2010,4982,7.633530140991271e-06,2010/07/27 13:00:00
NL13,Heating Tertiary,2010,4983,7.633100140983328e-06,2010/07/27 14:00:00
NL13,Heating Tertiary,2010,4984,7.717140142535547e-06,2010/07/27 15:00:00
NL13,Heating Tertiary,2010,4985,7.744310143037377e-06,2010/07/27 16:00:00
NL13,Heating Tertiary,2010,4986,7.779330143684197e-06,2010/07/27 17:00:00
NL13,Heating Tertiary,2010,4987,7.942840146704223e-06,2010/07/27 18:00:00
NL13,Heating Tertiary,2010,4988,8.450250156076086e-06,2010/07/27 19:00:00
NL13,Heating Tertiary,2010,4989,9.472490174956856e-06,2010/07/27 20:00:00
NL13,Heating Tertiary,2010,4990,1.1008500203326954e-05,2010/07/27 21:00:00
NL13,Heating Tertiary,2010,4991,1.2842700237204623e-05,2010/07/27 22:00:00
NL13,Heating Tertiary,2010,4992,1.4600100269663792e-05,2010/07/27 23:00:00
NL13,Heating Tertiary,2010,4993,1.597130029498985e-05,2010/07/28 00:00:00
NL13,Heating Tertiary,2010,4994,1.6806500310415992e-05,2010/07/28 01:00:00
NL13,Heating Tertiary,2010,4995,1.7237200318371023e-05,2010/07/28 02:00:00
NL13,Heating Tertiary,2010,4996,1.7424400321828602e-05,2010/07/28 03:00:00
NL13,Heating Tertiary,2010,4997,1.716590031705411e-05,2010/07/28 04:00:00
NL13,Heating Tertiary,2010,4998,1.62114002994245e-05,2010/07/28 05:00:00
NL13,Heating Tertiary,2010,4999,1.4656300270701807e-05,2010/07/28 06:00:00
NL13,Heating Tertiary,2010,5000,1.2830700236982982e-05,2010/07/28 07:00:00
NL13,Heating Tertiary,2010,5001,1.1172100206348645e-05,2010/07/28 08:00:00
NL13,Heating Tertiary,2010,5002,9.874510182382164e-06,2010/07/28 09:00:00
NL13,Heating Tertiary,2010,5003,8.980740165874231e-06,2010/07/28 10:00:00
NL13,Heating Tertiary,2010,5004,8.309520153476802e-06,2010/07/28 11:00:00
NL13,Heating Tertiary,2010,5005,7.849200144974694e-06,2010/07/28 12:00:00
NL13,Heating Tertiary,2010,5006,7.633530140991271e-06,2010/07/28 13:00:00
NL13,Heating Tertiary,2010,5007,7.633100140983328e-06,2010/07/28 14:00:00
NL13,Heating Tertiary,2010,5008,7.717140142535547e-06,2010/07/28 15:00:00
NL13,Heating Tertiary,2010,5009,7.744310143037377e-06,2010/07/28 16:00:00
NL13,Heating Tertiary,2010,5010,7.779330143684197e-06,2010/07/28 17:00:00
NL13,Heating Tertiary,2010,5011,7.942840146704223e-06,2010/07/28 18:00:00
NL13,Heating Tertiary,2010,5012,8.450250156076086e-06,2010/07/28 19:00:00
NL13,Heating Tertiary,2010,5013,9.472490174956856e-06,2010/07/28 20:00:00
NL13,Heating Tertiary,2010,5014,1.1008500203326954e-05,2010/07/28 21:00:00
NL13,Heating Tertiary,2010,5015,1.2842700237204623e-05,2010/07/28 22:00:00
NL13,Heating Tertiary,2010,5016,1.4600100269663792e-05,2010/07/28 23:00:00
NL13,Heating Tertiary,2010,5017,1.597130029498985e-05,2010/07/29 00:00:00
NL13,Heating Tertiary,2010,5018,1.6806500310415992e-05,2010/07/29 01:00:00
NL13,Heating Tertiary,2010,5019,1.7237200318371023e-05,2010/07/29 02:00:00
NL13,Heating Tertiary,2010,5020,1.7424400321828602e-05,2010/07/29 03:00:00
NL13,Heating Tertiary,2010,5021,1.716590031705411e-05,2010/07/29 04:00:00
NL13,Heating Tertiary,2010,5022,1.62114002994245e-05,2010/07/29 05:00:00
NL13,Heating Tertiary,2010,5023,1.4656300270701807e-05,2010/07/29 06:00:00
NL13,Heating Tertiary,2010,5024,1.2830700236982982e-05,2010/07/29 07:00:00
NL13,Heating Tertiary,2010,5025,1.1172100206348645e-05,2010/07/29 08:00:00
NL13,Heating Tertiary,2010,5026,9.874510182382164e-06,2010/07/29 09:00:00
NL13,Heating Tertiary,2010,5027,8.980740165874231e-06,2010/07/29 10:00:00
NL13,Heating Tertiary,2010,5028,8.309520153476802e-06,2010/07/29 11:00:00
NL13,Heating Tertiary,2010,5029,7.849200144974694e-06,2010/07/29 12:00:00
NL13,Heating Tertiary,2010,5030,7.633530140991271e-06,2010/07/29 13:00:00
NL13,Heating Tertiary,2010,5031,7.633100140983328e-06,2010/07/29 14:00:00
NL13,Heating Tertiary,2010,5032,7.717140142535547e-06,2010/07/29 15:00:00
NL13,Heating Tertiary,2010,5033,7.744310143037377e-06,2010/07/29 16:00:00
NL13,Heating Tertiary,2010,5034,7.779330143684197e-06,2010/07/29 17:00:00
NL13,Heating Tertiary,2010,5035,7.942840146704223e-06,2010/07/29 18:00:00
NL13,Heating Tertiary,2010,5036,8.450250156076086e-06,2010/07/29 19:00:00
NL13,Heating Tertiary,2010,5037,9.472490174956856e-06,2010/07/29 20:00:00
NL13,Heating Tertiary,2010,5038,1.1008500203326954e-05,2010/07/29 21:00:00
NL13,Heating Tertiary,2010,5039,1.2842700237204623e-05,2010/07/29 22:00:00
NL13,Heating Tertiary,2010,5040,1.4600100269663792e-05,2010/07/29 23:00:00
NL13,Heating Tertiary,2010,5041,1.597130029498985e-05,2010/07/30 00:00:00
NL13,Heating Tertiary,2010,5042,1.6806500310415992e-05,2010/07/30 01:00:00
NL13,Heating Tertiary,2010,5043,1.7237200318371023e-05,2010/07/30 02:00:00
NL13,Heating Tertiary,2010,5044,1.7424400321828602e-05,2010/07/30 03:00:00
NL13,Heating Tertiary,2010,5045,1.716590031705411e-05,2010/07/30 04:00:00
NL13,Heating Tertiary,2010,5046,1.62114002994245e-05,2010/07/30 05:00:00
NL13,Heating Tertiary,2010,5047,1.4656300270701807e-05,2010/07/30 06:00:00
NL13,Heating Tertiary,2010,5048,1.2830700236982982e-05,2010/07/30 07:00:00
NL13,Heating Tertiary,2010,5049,1.1172100206348645e-05,2010/07/30 08:00:00
NL13,Heating Tertiary,2010,5050,9.874510182382164e-06,2010/07/30 09:00:00
NL13,Heating Tertiary,2010,5051,8.980740165874231e-06,2010/07/30 10:00:00
NL13,Heating Tertiary,2010,5052,8.309520153476802e-06,2010/07/30 11:00:00
NL13,Heating Tertiary,2010,5053,7.849200144974694e-06,2010/07/30 12:00:00
NL13,Heating Tertiary,2010,5054,7.633530140991271e-06,2010/07/30 13:00:00
NL13,Heating Tertiary,2010,5055,7.633100140983328e-06,2010/07/30 14:00:00
NL13,Heating Tertiary,2010,5056,7.717140142535547e-06,2010/07/30 15:00:00
NL13,Heating Tertiary,2010,5057,7.744310143037377e-06,2010/07/30 16:00:00
NL13,Heating Tertiary,2010,5058,7.779330143684197e-06,2010/07/30 17:00:00
NL13,Heating Tertiary,2010,5059,7.942840146704223e-06,2010/07/30 18:00:00
NL13,Heating Tertiary,2010,5060,8.450250156076086e-06,2010/07/30 19:00:00
NL13,Heating Tertiary,2010,5061,9.472490174956856e-06,2010/07/30 20:00:00
NL13,Heating Tertiary,2010,5062,1.1008500203326954e-05,2010/07/30 21:00:00
NL13,Heating Tertiary,2010,5063,1.2842700237204623e-05,2010/07/30 22:00:00
NL13,Heating Tertiary,2010,5064,1.4600100269663792e-05,2010/07/30 23:00:00
NL13,Heating Tertiary,2010,5065,1.6823100310722593e-05,2010/07/31 00:00:00
NL13,Heating Tertiary,2010,5066,1.7648900325975117e-05,2010/07/31 01:00:00
NL13,Heating Tertiary,2010,5067,1.8141000335064202e-05,2010/07/31 02:00:00
NL13,Heating Tertiary,2010,5068,1.8430100340403878e-05,2010/07/31 03:00:00
NL13,Heating Tertiary,2010,5069,1.8234200336785608e-05,2010/07/31 04:00:00
NL13,Heating Tertiary,2010,5070,1.7313300319776587e-05,2010/07/31 05:00:00
NL13,Heating Tertiary,2010,5071,1.575860029106128e-05,2010/07/31 06:00:00
NL13,Heating Tertiary,2010,5072,1.388930025653532e-05,2010/07/31 07:00:00
NL13,Heating Tertiary,2010,5073,1.2062600222796178e-05,2010/07/31 08:00:00
NL13,Heating Tertiary,2010,5074,1.0582200195453195e-05,2010/07/31 09:00:00
NL13,Heating Tertiary,2010,5075,9.525340175932995e-06,2010/07/31 10:00:00
NL13,Heating Tertiary,2010,5076,8.752190161652916e-06,2010/07/31 11:00:00
NL13,Heating Tertiary,2010,5077,8.193730151338163e-06,2010/07/31 12:00:00
NL13,Heating Tertiary,2010,5078,7.931140146488125e-06,2010/07/31 13:00:00
NL13,Heating Tertiary,2010,5079,7.949090146819662e-06,2010/07/31 14:00:00
NL13,Heating Tertiary,2010,5080,8.06228014891028e-06,2010/07/31 15:00:00
NL13,Heating Tertiary,2010,5081,8.102630149655546e-06,2010/07/31 16:00:00
NL13,Heating Tertiary,2010,5082,8.091800149455515e-06,2010/07/31 17:00:00
NL13,Heating Tertiary,2010,5083,8.169280150886572e-06,2010/07/31 18:00:00
NL13,Heating Tertiary,2010,5084,8.594630158742785e-06,2010/07/31 19:00:00
NL13,Heating Tertiary,2010,5085,9.655060178328924e-06,2010/07/31 20:00:00
NL13,Heating Tertiary,2010,5086,1.1348800209612295e-05,2010/07/31 21:00:00
NL13,Heating Tertiary,2010,5087,1.3450600248432532e-05,2010/07/31 22:00:00
NL13,Heating Tertiary,2010,5088,1.538070028408147e-05,2010/07/31 23:00:00
NL13,Heating Tertiary,2010,5089,1.707720031541582e-05,2010/08/01 00:00:00
NL13,Heating Tertiary,2010,5090,1.8157200335363417e-05,2010/08/01 01:00:00
NL13,Heating Tertiary,2010,5091,1.8643300344341683e-05,2010/08/01 02:00:00
NL13,Heating Tertiary,2010,5092,1.884130034799874e-05,2010/08/01 03:00:00
NL13,Heating Tertiary,2010,5093,1.8561700342834528e-05,2010/08/01 04:00:00
NL13,Heating Tertiary,2010,5094,1.762590032555031e-05,2010/08/01 05:00:00
NL13,Heating Tertiary,2010,5095,1.6085100297091737e-05,2010/08/01 06:00:00
NL13,Heating Tertiary,2010,5096,1.422290026269691e-05,2010/08/01 07:00:00
NL13,Heating Tertiary,2010,5097,1.2444200229844328e-05,2010/08/01 08:00:00
NL13,Heating Tertiary,2010,5098,1.1055500204195043e-05,2010/08/01 09:00:00
NL13,Heating Tertiary,2010,5099,1.010440018662823e-05,2010/08/01 10:00:00
NL13,Heating Tertiary,2010,5100,9.377620173204607e-06,2010/08/01 11:00:00
NL13,Heating Tertiary,2010,5101,8.801890162570877e-06,2010/08/01 12:00:00
NL13,Heating Tertiary,2010,5102,8.480760156639607e-06,2010/08/01 13:00:00
NL13,Heating Tertiary,2010,5103,8.333720153923777e-06,2010/08/01 14:00:00
NL13,Heating Tertiary,2010,5104,8.27498015283885e-06,2010/08/01 15:00:00
NL13,Heating Tertiary,2010,5105,8.166560150836334e-06,2010/08/01 16:00:00
NL13,Heating Tertiary,2010,5106,8.118780149953837e-06,2010/08/01 17:00:00
NL13,Heating Tertiary,2010,5107,8.236740152132557e-06,2010/08/01 18:00:00
NL13,Heating Tertiary,2010,5108,8.711350160898602e-06,2010/08/01 19:00:00
NL13,Heating Tertiary,2010,5109,9.739660179891485e-06,2010/08/01 20:00:00
NL13,Heating Tertiary,2010,5110,1.130530020880885e-05,2010/08/01 21:00:00
NL13,Heating Tertiary,2010,5111,1.3290400245473639e-05,2010/08/01 22:00:00
NL13,Heating Tertiary,2010,5112,1.5366900283826585e-05,2010/08/01 23:00:00
NL13,Heating Tertiary,2010,5113,1.597130029498985e-05,2010/08/02 00:00:00
NL13,Heating Tertiary,2010,5114,1.6806500310415992e-05,2010/08/02 01:00:00
NL13,Heating Tertiary,2010,5115,1.7237200318371023e-05,2010/08/02 02:00:00
NL13,Heating Tertiary,2010,5116,1.7424400321828602e-05,2010/08/02 03:00:00
NL13,Heating Tertiary,2010,5117,1.716590031705411e-05,2010/08/02 04:00:00
NL13,Heating Tertiary,2010,5118,1.62114002994245e-05,2010/08/02 05:00:00
NL13,Heating Tertiary,2010,5119,1.4656300270701807e-05,2010/08/02 06:00:00
NL13,Heating Tertiary,2010,5120,1.2830700236982982e-05,2010/08/02 07:00:00
NL13,Heating Tertiary,2010,5121,1.1172100206348645e-05,2010/08/02 08:00:00
NL13,Heating Tertiary,2010,5122,9.874510182382164e-06,2010/08/02 09:00:00
NL13,Heating Tertiary,2010,5123,8.980740165874231e-06,2010/08/02 10:00:00
NL13,Heating Tertiary,2010,5124,8.309520153476802e-06,2010/08/02 11:00:00
NL13,Heating Tertiary,2010,5125,7.849200144974694e-06,2010/08/02 12:00:00
NL13,Heating Tertiary,2010,5126,7.633530140991271e-06,2010/08/02 13:00:00
NL13,Heating Tertiary,2010,5127,7.633100140983328e-06,2010/08/02 14:00:00
NL13,Heating Tertiary,2010,5128,7.717140142535547e-06,2010/08/02 15:00:00
NL13,Heating Tertiary,2010,5129,7.744310143037377e-06,2010/08/02 16:00:00
NL13,Heating Tertiary,2010,5130,7.779330143684197e-06,2010/08/02 17:00:00
NL13,Heating Tertiary,2010,5131,7.942840146704223e-06,2010/08/02 18:00:00
NL13,Heating Tertiary,2010,5132,8.450250156076086e-06,2010/08/02 19:00:00
NL13,Heating Tertiary,2010,5133,9.472490174956856e-06,2010/08/02 20:00:00
NL13,Heating Tertiary,2010,5134,1.1008500203326954e-05,2010/08/02 21:00:00
NL13,Heating Tertiary,2010,5135,1.2842700237204623e-05,2010/08/02 22:00:00
NL13,Heating Tertiary,2010,5136,1.4600100269663792e-05,2010/08/02 23:00:00
NL13,Heating Tertiary,2010,5137,1.597130029498985e-05,2010/08/03 00:00:00
NL13,Heating Tertiary,2010,5138,1.6806500310415992e-05,2010/08/03 01:00:00
NL13,Heating Tertiary,2010,5139,1.7237200318371023e-05,2010/08/03 02:00:00
NL13,Heating Tertiary,2010,5140,1.7424400321828602e-05,2010/08/03 03:00:00
NL13,Heating Tertiary,2010,5141,1.716590031705411e-05,2010/08/03 04:00:00
NL13,Heating Tertiary,2010,5142,1.62114002994245e-05,2010/08/03 05:00:00
NL13,Heating Tertiary,2010,5143,1.4656300270701807e-05,2010/08/03 06:00:00
NL13,Heating Tertiary,2010,5144,1.2830700236982982e-05,2010/08/03 07:00:00
NL13,Heating Tertiary,2010,5145,1.1172100206348645e-05,2010/08/03 08:00:00
NL13,Heating Tertiary,2010,5146,9.874510182382164e-06,2010/08/03 09:00:00
NL13,Heating Tertiary,2010,5147,8.980740165874231e-06,2010/08/03 10:00:00
NL13,Heating Tertiary,2010,5148,8.309520153476802e-06,2010/08/03 11:00:00
NL13,Heating Tertiary,2010,5149,7.849200144974694e-06,2010/08/03 12:00:00
NL13,Heating Tertiary,2010,5150,7.633530140991271e-06,2010/08/03 13:00:00
NL13,Heating Tertiary,2010,5151,7.633100140983328e-06,2010/08/03 14:00:00
NL13,Heating Tertiary,2010,5152,7.717140142535547e-06,2010/08/03 15:00:00
NL13,Heating Tertiary,2010,5153,7.744310143037377e-06,2010/08/03 16:00:00
NL13,Heating Tertiary,2010,5154,7.779330143684197e-06,2010/08/03 17:00:00
NL13,Heating Tertiary,2010,5155,7.942840146704223e-06,2010/08/03 18:00:00
NL13,Heating Tertiary,2010,5156,8.450250156076086e-06,2010/08/03 19:00:00
NL13,Heating Tertiary,2010,5157,9.472490174956856e-06,2010/08/03 20:00:00
NL13,Heating Tertiary,2010,5158,1.1008500203326954e-05,2010/08/03 21:00:00
NL13,Heating Tertiary,2010,5159,1.2842700237204623e-05,2010/08/03 22:00:00
NL13,Heating Tertiary,2010,5160,1.4600100269663792e-05,2010/08/03 23:00:00
NL13,Heating Tertiary,2010,5161,1.597130029498985e-05,2010/08/04 00:00:00
NL13,Heating Tertiary,2010,5162,1.6806500310415992e-05,2010/08/04 01:00:00
NL13,Heating Tertiary,2010,5163,1.7237200318371023e-05,2010/08/04 02:00:00
NL13,Heating Tertiary,2010,5164,1.7424400321828602e-05,2010/08/04 03:00:00
NL13,Heating Tertiary,2010,5165,1.716590031705411e-05,2010/08/04 04:00:00
NL13,Heating Tertiary,2010,5166,1.62114002994245e-05,2010/08/04 05:00:00
NL13,Heating Tertiary,2010,5167,1.4656300270701807e-05,2010/08/04 06:00:00
NL13,Heating Tertiary,2010,5168,1.2830700236982982e-05,2010/08/04 07:00:00
NL13,Heating Tertiary,2010,5169,1.1172100206348645e-05,2010/08/04 08:00:00
NL13,Heating Tertiary,2010,5170,9.874510182382164e-06,2010/08/04 09:00:00
NL13,Heating Tertiary,2010,5171,8.980740165874231e-06,2010/08/04 10:00:00
NL13,Heating Tertiary,2010,5172,8.309520153476802e-06,2010/08/04 11:00:00
NL13,Heating Tertiary,2010,5173,7.849200144974694e-06,2010/08/04 12:00:00
NL13,Heating Tertiary,2010,5174,7.633530140991271e-06,2010/08/04 13:00:00
NL13,Heating Tertiary,2010,5175,7.633100140983328e-06,2010/08/04 14:00:00
NL13,Heating Tertiary,2010,5176,7.717140142535547e-06,2010/08/04 15:00:00
NL13,Heating Tertiary,2010,5177,7.744310143037377e-06,2010/08/04 16:00:00
NL13,Heating Tertiary,2010,5178,7.779330143684197e-06,2010/08/04 17:00:00
NL13,Heating Tertiary,2010,5179,7.942840146704223e-06,2010/08/04 18:00:00
NL13,Heating Tertiary,2010,5180,8.450250156076086e-06,2010/08/04 19:00:00
NL13,Heating Tertiary,2010,5181,9.472490174956856e-06,2010/08/04 20:00:00
NL13,Heating Tertiary,2010,5182,1.1008500203326954e-05,2010/08/04 21:00:00
NL13,Heating Tertiary,2010,5183,1.2842700237204623e-05,2010/08/04 22:00:00
NL13,Heating Tertiary,2010,5184,1.4600100269663792e-05,2010/08/04 23:00:00
NL13,Heating Tertiary,2010,5185,1.597130029498985e-05,2010/08/05 00:00:00
NL13,Heating Tertiary,2010,5186,1.6806500310415992e-05,2010/08/05 01:00:00
NL13,Heating Tertiary,2010,5187,1.7237200318371023e-05,2010/08/05 02:00:00
NL13,Heating Tertiary,2010,5188,1.7424400321828602e-05,2010/08/05 03:00:00
NL13,Heating Tertiary,2010,5189,1.716590031705411e-05,2010/08/05 04:00:00
NL13,Heating Tertiary,2010,5190,1.62114002994245e-05,2010/08/05 05:00:00
NL13,Heating Tertiary,2010,5191,1.4656300270701807e-05,2010/08/05 06:00:00
NL13,Heating Tertiary,2010,5192,1.2830700236982982e-05,2010/08/05 07:00:00
NL13,Heating Tertiary,2010,5193,1.1172100206348645e-05,2010/08/05 08:00:00
NL13,Heating Tertiary,2010,5194,9.874510182382164e-06,2010/08/05 09:00:00
NL13,Heating Tertiary,2010,5195,8.980740165874231e-06,2010/08/05 10:00:00
NL13,Heating Tertiary,2010,5196,8.309520153476802e-06,2010/08/05 11:00:00
NL13,Heating Tertiary,2010,5197,7.849200144974694e-06,2010/08/05 12:00:00
NL13,Heating Tertiary,2010,5198,7.633530140991271e-06,2010/08/05 13:00:00
NL13,Heating Tertiary,2010,5199,7.633100140983328e-06,2010/08/05 14:00:00
NL13,Heating Tertiary,2010,5200,7.717140142535547e-06,2010/08/05 15:00:00
NL13,Heating Tertiary,2010,5201,7.744310143037377e-06,2010/08/05 16:00:00
NL13,Heating Tertiary,2010,5202,7.779330143684197e-06,2010/08/05 17:00:00
NL13,Heating Tertiary,2010,5203,7.942840146704223e-06,2010/08/05 18:00:00
NL13,Heating Tertiary,2010,5204,8.450250156076086e-06,2010/08/05 19:00:00
NL13,Heating Tertiary,2010,5205,9.472490174956856e-06,2010/08/05 20:00:00
NL13,Heating Tertiary,2010,5206,1.1008500203326954e-05,2010/08/05 21:00:00
NL13,Heating Tertiary,2010,5207,1.2842700237204623e-05,2010/08/05 22:00:00
NL13,Heating Tertiary,2010,5208,1.4600100269663792e-05,2010/08/05 23:00:00
NL13,Heating Tertiary,2010,5209,3.460440063914314e-05,2010/08/06 00:00:00
NL13,Heating Tertiary,2010,5210,3.641400067256645e-05,2010/08/06 01:00:00
NL13,Heating Tertiary,2010,5211,3.734720068980265e-05,2010/08/06 02:00:00
NL13,Heating Tertiary,2010,5212,3.775290069729592e-05,2010/08/06 03:00:00
NL13,Heating Tertiary,2010,5213,3.719280068695088e-05,2010/08/06 04:00:00
NL13,Heating Tertiary,2010,5214,3.512470064875308e-05,2010/08/06 05:00:00
NL13,Heating Tertiary,2010,5215,3.175530058652027e-05,2010/08/06 06:00:00
NL13,Heating Tertiary,2010,5216,2.7799800513462202e-05,2010/08/06 07:00:00
NL13,Heating Tertiary,2010,5217,2.420630044709027e-05,2010/08/06 08:00:00
NL13,Heating Tertiary,2010,5218,2.139470039516003e-05,2010/08/06 09:00:00
NL13,Heating Tertiary,2010,5219,1.945830035939473e-05,2010/08/06 10:00:00
NL13,Heating Tertiary,2010,5220,1.8003900332531968e-05,2010/08/06 11:00:00
NL13,Heating Tertiary,2010,5221,1.700660031411184e-05,2010/08/06 12:00:00
NL13,Heating Tertiary,2010,5222,1.653930030548081e-05,2010/08/06 13:00:00
NL13,Heating Tertiary,2010,5223,1.6538300305462338e-05,2010/08/06 14:00:00
NL13,Heating Tertiary,2010,5224,1.6720500308827572e-05,2010/08/06 15:00:00
NL13,Heating Tertiary,2010,5225,1.6779300309913608e-05,2010/08/06 16:00:00
NL13,Heating Tertiary,2010,5226,1.685530031131733e-05,2010/08/06 17:00:00
NL13,Heating Tertiary,2010,5227,1.720940031785755e-05,2010/08/06 18:00:00
NL13,Heating Tertiary,2010,5228,1.830880033816347e-05,2010/08/06 19:00:00
NL13,Heating Tertiary,2010,5229,2.052380037907451e-05,2010/08/06 20:00:00
NL13,Heating Tertiary,2010,5230,2.3851800440542657e-05,2010/08/06 21:00:00
NL13,Heating Tertiary,2010,5231,2.7825800513942425e-05,2010/08/06 22:00:00
NL13,Heating Tertiary,2010,5232,3.163350058427063e-05,2010/08/06 23:00:00
NL13,Heating Tertiary,2010,5233,1.6823100310722593e-05,2010/08/07 00:00:00
NL13,Heating Tertiary,2010,5234,1.7648900325975117e-05,2010/08/07 01:00:00
NL13,Heating Tertiary,2010,5235,1.8141000335064202e-05,2010/08/07 02:00:00
NL13,Heating Tertiary,2010,5236,1.8430100340403878e-05,2010/08/07 03:00:00
NL13,Heating Tertiary,2010,5237,1.8234200336785608e-05,2010/08/07 04:00:00
NL13,Heating Tertiary,2010,5238,1.7313300319776587e-05,2010/08/07 05:00:00
NL13,Heating Tertiary,2010,5239,1.575860029106128e-05,2010/08/07 06:00:00
NL13,Heating Tertiary,2010,5240,1.388930025653532e-05,2010/08/07 07:00:00
NL13,Heating Tertiary,2010,5241,1.2062600222796178e-05,2010/08/07 08:00:00
NL13,Heating Tertiary,2010,5242,1.0582200195453195e-05,2010/08/07 09:00:00
NL13,Heating Tertiary,2010,5243,9.525340175932995e-06,2010/08/07 10:00:00
NL13,Heating Tertiary,2010,5244,8.752190161652916e-06,2010/08/07 11:00:00
NL13,Heating Tertiary,2010,5245,8.193730151338163e-06,2010/08/07 12:00:00
NL13,Heating Tertiary,2010,5246,7.931140146488125e-06,2010/08/07 13:00:00
NL13,Heating Tertiary,2010,5247,7.949090146819662e-06,2010/08/07 14:00:00
NL13,Heating Tertiary,2010,5248,8.06228014891028e-06,2010/08/07 15:00:00
NL13,Heating Tertiary,2010,5249,8.102630149655546e-06,2010/08/07 16:00:00
NL13,Heating Tertiary,2010,5250,8.091800149455515e-06,2010/08/07 17:00:00
NL13,Heating Tertiary,2010,5251,8.169280150886572e-06,2010/08/07 18:00:00
NL13,Heating Tertiary,2010,5252,8.594630158742785e-06,2010/08/07 19:00:00
NL13,Heating Tertiary,2010,5253,9.655060178328924e-06,2010/08/07 20:00:00
NL13,Heating Tertiary,2010,5254,1.1348800209612295e-05,2010/08/07 21:00:00
NL13,Heating Tertiary,2010,5255,1.3450600248432532e-05,2010/08/07 22:00:00
NL13,Heating Tertiary,2010,5256,1.538070028408147e-05,2010/08/07 23:00:00
NL13,Heating Tertiary,2010,5257,1.707720031541582e-05,2010/08/08 00:00:00
NL13,Heating Tertiary,2010,5258,1.8157200335363417e-05,2010/08/08 01:00:00
NL13,Heating Tertiary,2010,5259,1.8643300344341683e-05,2010/08/08 02:00:00
NL13,Heating Tertiary,2010,5260,1.884130034799874e-05,2010/08/08 03:00:00
NL13,Heating Tertiary,2010,5261,1.8561700342834528e-05,2010/08/08 04:00:00
NL13,Heating Tertiary,2010,5262,1.762590032555031e-05,2010/08/08 05:00:00
NL13,Heating Tertiary,2010,5263,1.6085100297091737e-05,2010/08/08 06:00:00
NL13,Heating Tertiary,2010,5264,1.422290026269691e-05,2010/08/08 07:00:00
NL13,Heating Tertiary,2010,5265,1.2444200229844328e-05,2010/08/08 08:00:00
NL13,Heating Tertiary,2010,5266,1.1055500204195043e-05,2010/08/08 09:00:00
NL13,Heating Tertiary,2010,5267,1.010440018662823e-05,2010/08/08 10:00:00
NL13,Heating Tertiary,2010,5268,9.377620173204607e-06,2010/08/08 11:00:00
NL13,Heating Tertiary,2010,5269,8.801890162570877e-06,2010/08/08 12:00:00
NL13,Heating Tertiary,2010,5270,8.480760156639607e-06,2010/08/08 13:00:00
NL13,Heating Tertiary,2010,5271,8.333720153923777e-06,2010/08/08 14:00:00
NL13,Heating Tertiary,2010,5272,8.27498015283885e-06,2010/08/08 15:00:00
NL13,Heating Tertiary,2010,5273,8.166560150836334e-06,2010/08/08 16:00:00
NL13,Heating Tertiary,2010,5274,8.118780149953837e-06,2010/08/08 17:00:00
NL13,Heating Tertiary,2010,5275,8.236740152132557e-06,2010/08/08 18:00:00
NL13,Heating Tertiary,2010,5276,8.711350160898602e-06,2010/08/08 19:00:00
NL13,Heating Tertiary,2010,5277,9.739660179891485e-06,2010/08/08 20:00:00
NL13,Heating Tertiary,2010,5278,1.130530020880885e-05,2010/08/08 21:00:00
NL13,Heating Tertiary,2010,5279,1.3290400245473639e-05,2010/08/08 22:00:00
NL13,Heating Tertiary,2010,5280,1.5366900283826585e-05,2010/08/08 23:00:00
NL13,Heating Tertiary,2010,5281,1.597130029498985e-05,2010/08/09 00:00:00
NL13,Heating Tertiary,2010,5282,1.6806500310415992e-05,2010/08/09 01:00:00
NL13,Heating Tertiary,2010,5283,1.7237200318371023e-05,2010/08/09 02:00:00
NL13,Heating Tertiary,2010,5284,1.7424400321828602e-05,2010/08/09 03:00:00
NL13,Heating Tertiary,2010,5285,1.716590031705411e-05,2010/08/09 04:00:00
NL13,Heating Tertiary,2010,5286,1.62114002994245e-05,2010/08/09 05:00:00
NL13,Heating Tertiary,2010,5287,1.4656300270701807e-05,2010/08/09 06:00:00
NL13,Heating Tertiary,2010,5288,1.2830700236982982e-05,2010/08/09 07:00:00
NL13,Heating Tertiary,2010,5289,1.1172100206348645e-05,2010/08/09 08:00:00
NL13,Heating Tertiary,2010,5290,9.874510182382164e-06,2010/08/09 09:00:00
NL13,Heating Tertiary,2010,5291,8.980740165874231e-06,2010/08/09 10:00:00
NL13,Heating Tertiary,2010,5292,8.309520153476802e-06,2010/08/09 11:00:00
NL13,Heating Tertiary,2010,5293,7.849200144974694e-06,2010/08/09 12:00:00
NL13,Heating Tertiary,2010,5294,7.633530140991271e-06,2010/08/09 13:00:00
NL13,Heating Tertiary,2010,5295,7.633100140983328e-06,2010/08/09 14:00:00
NL13,Heating Tertiary,2010,5296,7.717140142535547e-06,2010/08/09 15:00:00
NL13,Heating Tertiary,2010,5297,7.744310143037377e-06,2010/08/09 16:00:00
NL13,Heating Tertiary,2010,5298,7.779330143684197e-06,2010/08/09 17:00:00
NL13,Heating Tertiary,2010,5299,7.942840146704223e-06,2010/08/09 18:00:00
NL13,Heating Tertiary,2010,5300,8.450250156076086e-06,2010/08/09 19:00:00
NL13,Heating Tertiary,2010,5301,9.472490174956856e-06,2010/08/09 20:00:00
NL13,Heating Tertiary,2010,5302,1.1008500203326954e-05,2010/08/09 21:00:00
NL13,Heating Tertiary,2010,5303,1.2842700237204623e-05,2010/08/09 22:00:00
NL13,Heating Tertiary,2010,5304,1.4600100269663792e-05,2010/08/09 23:00:00
NL13,Heating Tertiary,2010,5305,1.597130029498985e-05,2010/08/10 00:00:00
NL13,Heating Tertiary,2010,5306,1.6806500310415992e-05,2010/08/10 01:00:00
NL13,Heating Tertiary,2010,5307,1.7237200318371023e-05,2010/08/10 02:00:00
NL13,Heating Tertiary,2010,5308,1.7424400321828602e-05,2010/08/10 03:00:00
NL13,Heating Tertiary,2010,5309,1.716590031705411e-05,2010/08/10 04:00:00
NL13,Heating Tertiary,2010,5310,1.62114002994245e-05,2010/08/10 05:00:00
NL13,Heating Tertiary,2010,5311,1.4656300270701807e-05,2010/08/10 06:00:00
NL13,Heating Tertiary,2010,5312,1.2830700236982982e-05,2010/08/10 07:00:00
NL13,Heating Tertiary,2010,5313,1.1172100206348645e-05,2010/08/10 08:00:00
NL13,Heating Tertiary,2010,5314,9.874510182382164e-06,2010/08/10 09:00:00
NL13,Heating Tertiary,2010,5315,8.980740165874231e-06,2010/08/10 10:00:00
NL13,Heating Tertiary,2010,5316,8.309520153476802e-06,2010/08/10 11:00:00
NL13,Heating Tertiary,2010,5317,7.849200144974694e-06,2010/08/10 12:00:00
NL13,Heating Tertiary,2010,5318,7.633530140991271e-06,2010/08/10 13:00:00
NL13,Heating Tertiary,2010,5319,7.633100140983328e-06,2010/08/10 14:00:00
NL13,Heating Tertiary,2010,5320,7.717140142535547e-06,2010/08/10 15:00:00
NL13,Heating Tertiary,2010,5321,7.744310143037377e-06,2010/08/10 16:00:00
NL13,Heating Tertiary,2010,5322,7.779330143684197e-06,2010/08/10 17:00:00
NL13,Heating Tertiary,2010,5323,7.942840146704223e-06,2010/08/10 18:00:00
NL13,Heating Tertiary,2010,5324,8.450250156076086e-06,2010/08/10 19:00:00
NL13,Heating Tertiary,2010,5325,9.472490174956856e-06,2010/08/10 20:00:00
NL13,Heating Tertiary,2010,5326,1.1008500203326954e-05,2010/08/10 21:00:00
NL13,Heating Tertiary,2010,5327,1.2842700237204623e-05,2010/08/10 22:00:00
NL13,Heating Tertiary,2010,5328,1.4600100269663792e-05,2010/08/10 23:00:00
NL13,Heating Tertiary,2010,5329,1.597130029498985e-05,2010/08/11 00:00:00
NL13,Heating Tertiary,2010,5330,1.6806500310415992e-05,2010/08/11 01:00:00
NL13,Heating Tertiary,2010,5331,1.7237200318371023e-05,2010/08/11 02:00:00
NL13,Heating Tertiary,2010,5332,1.7424400321828602e-05,2010/08/11 03:00:00
NL13,Heating Tertiary,2010,5333,1.716590031705411e-05,2010/08/11 04:00:00
NL13,Heating Tertiary,2010,5334,1.62114002994245e-05,2010/08/11 05:00:00
NL13,Heating Tertiary,2010,5335,1.4656300270701807e-05,2010/08/11 06:00:00
NL13,Heating Tertiary,2010,5336,1.2830700236982982e-05,2010/08/11 07:00:00
NL13,Heating Tertiary,2010,5337,1.1172100206348645e-05,2010/08/11 08:00:00
NL13,Heating Tertiary,2010,5338,9.874510182382164e-06,2010/08/11 09:00:00
NL13,Heating Tertiary,2010,5339,8.980740165874231e-06,2010/08/11 10:00:00
NL13,Heating Tertiary,2010,5340,8.309520153476802e-06,2010/08/11 11:00:00
NL13,Heating Tertiary,2010,5341,7.849200144974694e-06,2010/08/11 12:00:00
NL13,Heating Tertiary,2010,5342,7.633530140991271e-06,2010/08/11 13:00:00
NL13,Heating Tertiary,2010,5343,7.633100140983328e-06,2010/08/11 14:00:00
NL13,Heating Tertiary,2010,5344,7.717140142535547e-06,2010/08/11 15:00:00
NL13,Heating Tertiary,2010,5345,7.744310143037377e-06,2010/08/11 16:00:00
NL13,Heating Tertiary,2010,5346,7.779330143684197e-06,2010/08/11 17:00:00
NL13,Heating Tertiary,2010,5347,7.942840146704223e-06,2010/08/11 18:00:00
NL13,Heating Tertiary,2010,5348,8.450250156076086e-06,2010/08/11 19:00:00
NL13,Heating Tertiary,2010,5349,9.472490174956856e-06,2010/08/11 20:00:00
NL13,Heating Tertiary,2010,5350,1.1008500203326954e-05,2010/08/11 21:00:00
NL13,Heating Tertiary,2010,5351,1.2842700237204623e-05,2010/08/11 22:00:00
NL13,Heating Tertiary,2010,5352,1.4600100269663792e-05,2010/08/11 23:00:00
NL13,Heating Tertiary,2010,5353,1.597130029498985e-05,2010/08/12 00:00:00
NL13,Heating Tertiary,2010,5354,1.6806500310415992e-05,2010/08/12 01:00:00
NL13,Heating Tertiary,2010,5355,1.7237200318371023e-05,2010/08/12 02:00:00
NL13,Heating Tertiary,2010,5356,1.7424400321828602e-05,2010/08/12 03:00:00
NL13,Heating Tertiary,2010,5357,1.716590031705411e-05,2010/08/12 04:00:00
NL13,Heating Tertiary,2010,5358,1.62114002994245e-05,2010/08/12 05:00:00
NL13,Heating Tertiary,2010,5359,1.4656300270701807e-05,2010/08/12 06:00:00
NL13,Heating Tertiary,2010,5360,1.2830700236982982e-05,2010/08/12 07:00:00
NL13,Heating Tertiary,2010,5361,1.1172100206348645e-05,2010/08/12 08:00:00
NL13,Heating Tertiary,2010,5362,9.874510182382164e-06,2010/08/12 09:00:00
NL13,Heating Tertiary,2010,5363,8.980740165874231e-06,2010/08/12 10:00:00
NL13,Heating Tertiary,2010,5364,8.309520153476802e-06,2010/08/12 11:00:00
NL13,Heating Tertiary,2010,5365,7.849200144974694e-06,2010/08/12 12:00:00
NL13,Heating Tertiary,2010,5366,7.633530140991271e-06,2010/08/12 13:00:00
NL13,Heating Tertiary,2010,5367,7.633100140983328e-06,2010/08/12 14:00:00
NL13,Heating Tertiary,2010,5368,7.717140142535547e-06,2010/08/12 15:00:00
NL13,Heating Tertiary,2010,5369,7.744310143037377e-06,2010/08/12 16:00:00
NL13,Heating Tertiary,2010,5370,7.779330143684197e-06,2010/08/12 17:00:00
NL13,Heating Tertiary,2010,5371,7.942840146704223e-06,2010/08/12 18:00:00
NL13,Heating Tertiary,2010,5372,8.450250156076086e-06,2010/08/12 19:00:00
NL13,Heating Tertiary,2010,5373,9.472490174956856e-06,2010/08/12 20:00:00
NL13,Heating Tertiary,2010,5374,1.1008500203326954e-05,2010/08/12 21:00:00
NL13,Heating Tertiary,2010,5375,1.2842700237204623e-05,2010/08/12 22:00:00
NL13,Heating Tertiary,2010,5376,1.4600100269663792e-05,2010/08/12 23:00:00
NL13,Heating Tertiary,2010,5377,3.460440063914314e-05,2010/08/13 00:00:00
NL13,Heating Tertiary,2010,5378,3.641400067256645e-05,2010/08/13 01:00:00
NL13,Heating Tertiary,2010,5379,3.734720068980265e-05,2010/08/13 02:00:00
NL13,Heating Tertiary,2010,5380,3.775290069729592e-05,2010/08/13 03:00:00
NL13,Heating Tertiary,2010,5381,3.719280068695088e-05,2010/08/13 04:00:00
NL13,Heating Tertiary,2010,5382,3.512470064875308e-05,2010/08/13 05:00:00
NL13,Heating Tertiary,2010,5383,3.175530058652027e-05,2010/08/13 06:00:00
NL13,Heating Tertiary,2010,5384,2.7799800513462202e-05,2010/08/13 07:00:00
NL13,Heating Tertiary,2010,5385,2.420630044709027e-05,2010/08/13 08:00:00
NL13,Heating Tertiary,2010,5386,2.139470039516003e-05,2010/08/13 09:00:00
NL13,Heating Tertiary,2010,5387,1.945830035939473e-05,2010/08/13 10:00:00
NL13,Heating Tertiary,2010,5388,1.8003900332531968e-05,2010/08/13 11:00:00
NL13,Heating Tertiary,2010,5389,1.700660031411184e-05,2010/08/13 12:00:00
NL13,Heating Tertiary,2010,5390,1.653930030548081e-05,2010/08/13 13:00:00
NL13,Heating Tertiary,2010,5391,1.6538300305462338e-05,2010/08/13 14:00:00
NL13,Heating Tertiary,2010,5392,1.6720500308827572e-05,2010/08/13 15:00:00
NL13,Heating Tertiary,2010,5393,1.6779300309913608e-05,2010/08/13 16:00:00
NL13,Heating Tertiary,2010,5394,1.685530031131733e-05,2010/08/13 17:00:00
NL13,Heating Tertiary,2010,5395,1.720940031785755e-05,2010/08/13 18:00:00
NL13,Heating Tertiary,2010,5396,1.830880033816347e-05,2010/08/13 19:00:00
NL13,Heating Tertiary,2010,5397,2.052380037907451e-05,2010/08/13 20:00:00
NL13,Heating Tertiary,2010,5398,2.3851800440542657e-05,2010/08/13 21:00:00
NL13,Heating Tertiary,2010,5399,2.7825800513942425e-05,2010/08/13 22:00:00
NL13,Heating Tertiary,2010,5400,3.163350058427063e-05,2010/08/13 23:00:00
NL13,Heating Tertiary,2010,5401,3.6449900673229516e-05,2010/08/14 00:00:00
NL13,Heating Tertiary,2010,5402,3.8239200706277875e-05,2010/08/14 01:00:00
NL13,Heating Tertiary,2010,5403,3.9305600725974285e-05,2010/08/14 02:00:00
NL13,Heating Tertiary,2010,5404,3.993190073754204e-05,2010/08/14 03:00:00
NL13,Heating Tertiary,2010,5405,3.950750072970338e-05,2010/08/14 04:00:00
NL13,Heating Tertiary,2010,5406,3.751230069285204e-05,2010/08/14 05:00:00
NL13,Heating Tertiary,2010,5407,3.4143700630634017e-05,2010/08/14 06:00:00
NL13,Heating Tertiary,2010,5408,3.0093600555828677e-05,2010/08/14 07:00:00
NL13,Heating Tertiary,2010,5409,2.613570048272628e-05,2010/08/14 08:00:00
NL13,Heating Tertiary,2010,5410,2.2928100423481923e-05,2010/08/14 09:00:00
NL13,Heating Tertiary,2010,5411,2.0638300381189324e-05,2010/08/14 10:00:00
NL13,Heating Tertiary,2010,5412,1.8963100350248386e-05,2010/08/14 11:00:00
NL13,Heating Tertiary,2010,5413,1.775310032789969e-05,2010/08/14 12:00:00
NL13,Heating Tertiary,2010,5414,1.7184100317390263e-05,2010/08/14 13:00:00
NL13,Heating Tertiary,2010,5415,1.7223000318108744e-05,2010/08/14 14:00:00
NL13,Heating Tertiary,2010,5416,1.7468200322637587e-05,2010/08/14 15:00:00
NL13,Heating Tertiary,2010,5417,1.7555700324253715e-05,2010/08/14 16:00:00
NL13,Heating Tertiary,2010,5418,1.7532200323819667e-05,2010/08/14 17:00:00
NL13,Heating Tertiary,2010,5419,1.770010032692078e-05,2010/08/14 18:00:00
NL13,Heating Tertiary,2010,5420,1.8621600343940884e-05,2010/08/14 19:00:00
NL13,Heating Tertiary,2010,5421,2.0919300386379393e-05,2010/08/14 20:00:00
NL13,Heating Tertiary,2010,5422,2.458900045415874e-05,2010/08/14 21:00:00
NL13,Heating Tertiary,2010,5423,2.9143000538271103e-05,2010/08/14 22:00:00
NL13,Heating Tertiary,2010,5424,3.3324800615508936e-05,2010/08/14 23:00:00
NL13,Heating Tertiary,2010,5425,1.707720031541582e-05,2010/08/15 00:00:00
NL13,Heating Tertiary,2010,5426,1.8157200335363417e-05,2010/08/15 01:00:00
NL13,Heating Tertiary,2010,5427,1.8643300344341683e-05,2010/08/15 02:00:00
NL13,Heating Tertiary,2010,5428,1.884130034799874e-05,2010/08/15 03:00:00
NL13,Heating Tertiary,2010,5429,1.8561700342834528e-05,2010/08/15 04:00:00
NL13,Heating Tertiary,2010,5430,1.762590032555031e-05,2010/08/15 05:00:00
NL13,Heating Tertiary,2010,5431,1.6085100297091737e-05,2010/08/15 06:00:00
NL13,Heating Tertiary,2010,5432,1.422290026269691e-05,2010/08/15 07:00:00
NL13,Heating Tertiary,2010,5433,1.2444200229844328e-05,2010/08/15 08:00:00
NL13,Heating Tertiary,2010,5434,1.1055500204195043e-05,2010/08/15 09:00:00
NL13,Heating Tertiary,2010,5435,1.010440018662823e-05,2010/08/15 10:00:00
NL13,Heating Tertiary,2010,5436,9.377620173204607e-06,2010/08/15 11:00:00
NL13,Heating Tertiary,2010,5437,8.801890162570877e-06,2010/08/15 12:00:00
NL13,Heating Tertiary,2010,5438,8.480760156639607e-06,2010/08/15 13:00:00
NL13,Heating Tertiary,2010,5439,8.333720153923777e-06,2010/08/15 14:00:00
NL13,Heating Tertiary,2010,5440,8.27498015283885e-06,2010/08/15 15:00:00
NL13,Heating Tertiary,2010,5441,8.166560150836334e-06,2010/08/15 16:00:00
NL13,Heating Tertiary,2010,5442,8.118780149953837e-06,2010/08/15 17:00:00
NL13,Heating Tertiary,2010,5443,8.236740152132557e-06,2010/08/15 18:00:00
NL13,Heating Tertiary,2010,5444,8.711350160898602e-06,2010/08/15 19:00:00
NL13,Heating Tertiary,2010,5445,9.739660179891485e-06,2010/08/15 20:00:00
NL13,Heating Tertiary,2010,5446,1.130530020880885e-05,2010/08/15 21:00:00
NL13,Heating Tertiary,2010,5447,1.3290400245473639e-05,2010/08/15 22:00:00
NL13,Heating Tertiary,2010,5448,1.5366900283826585e-05,2010/08/15 23:00:00
NL13,Heating Tertiary,2010,5449,1.597130029498985e-05,2010/08/16 00:00:00
NL13,Heating Tertiary,2010,5450,1.6806500310415992e-05,2010/08/16 01:00:00
NL13,Heating Tertiary,2010,5451,1.7237200318371023e-05,2010/08/16 02:00:00
NL13,Heating Tertiary,2010,5452,1.7424400321828602e-05,2010/08/16 03:00:00
NL13,Heating Tertiary,2010,5453,1.716590031705411e-05,2010/08/16 04:00:00
NL13,Heating Tertiary,2010,5454,1.62114002994245e-05,2010/08/16 05:00:00
NL13,Heating Tertiary,2010,5455,1.4656300270701807e-05,2010/08/16 06:00:00
NL13,Heating Tertiary,2010,5456,1.2830700236982982e-05,2010/08/16 07:00:00
NL13,Heating Tertiary,2010,5457,1.1172100206348645e-05,2010/08/16 08:00:00
NL13,Heating Tertiary,2010,5458,9.874510182382164e-06,2010/08/16 09:00:00
NL13,Heating Tertiary,2010,5459,8.980740165874231e-06,2010/08/16 10:00:00
NL13,Heating Tertiary,2010,5460,8.309520153476802e-06,2010/08/16 11:00:00
NL13,Heating Tertiary,2010,5461,7.849200144974694e-06,2010/08/16 12:00:00
NL13,Heating Tertiary,2010,5462,7.633530140991271e-06,2010/08/16 13:00:00
NL13,Heating Tertiary,2010,5463,7.633100140983328e-06,2010/08/16 14:00:00
NL13,Heating Tertiary,2010,5464,7.717140142535547e-06,2010/08/16 15:00:00
NL13,Heating Tertiary,2010,5465,7.744310143037377e-06,2010/08/16 16:00:00
NL13,Heating Tertiary,2010,5466,7.779330143684197e-06,2010/08/16 17:00:00
NL13,Heating Tertiary,2010,5467,7.942840146704223e-06,2010/08/16 18:00:00
NL13,Heating Tertiary,2010,5468,8.450250156076086e-06,2010/08/16 19:00:00
NL13,Heating Tertiary,2010,5469,9.472490174956856e-06,2010/08/16 20:00:00
NL13,Heating Tertiary,2010,5470,1.1008500203326954e-05,2010/08/16 21:00:00
NL13,Heating Tertiary,2010,5471,1.2842700237204623e-05,2010/08/16 22:00:00
NL13,Heating Tertiary,2010,5472,1.4600100269663792e-05,2010/08/16 23:00:00
NL13,Heating Tertiary,2010,5473,1.597130029498985e-05,2010/08/17 00:00:00
NL13,Heating Tertiary,2010,5474,1.6806500310415992e-05,2010/08/17 01:00:00
NL13,Heating Tertiary,2010,5475,1.7237200318371023e-05,2010/08/17 02:00:00
NL13,Heating Tertiary,2010,5476,1.7424400321828602e-05,2010/08/17 03:00:00
NL13,Heating Tertiary,2010,5477,1.716590031705411e-05,2010/08/17 04:00:00
NL13,Heating Tertiary,2010,5478,1.62114002994245e-05,2010/08/17 05:00:00
NL13,Heating Tertiary,2010,5479,1.4656300270701807e-05,2010/08/17 06:00:00
NL13,Heating Tertiary,2010,5480,1.2830700236982982e-05,2010/08/17 07:00:00
NL13,Heating Tertiary,2010,5481,1.1172100206348645e-05,2010/08/17 08:00:00
NL13,Heating Tertiary,2010,5482,9.874510182382164e-06,2010/08/17 09:00:00
NL13,Heating Tertiary,2010,5483,8.980740165874231e-06,2010/08/17 10:00:00
NL13,Heating Tertiary,2010,5484,8.309520153476802e-06,2010/08/17 11:00:00
NL13,Heating Tertiary,2010,5485,7.849200144974694e-06,2010/08/17 12:00:00
NL13,Heating Tertiary,2010,5486,7.633530140991271e-06,2010/08/17 13:00:00
NL13,Heating Tertiary,2010,5487,7.633100140983328e-06,2010/08/17 14:00:00
NL13,Heating Tertiary,2010,5488,7.717140142535547e-06,2010/08/17 15:00:00
NL13,Heating Tertiary,2010,5489,7.744310143037377e-06,2010/08/17 16:00:00
NL13,Heating Tertiary,2010,5490,7.779330143684197e-06,2010/08/17 17:00:00
NL13,Heating Tertiary,2010,5491,7.942840146704223e-06,2010/08/17 18:00:00
NL13,Heating Tertiary,2010,5492,8.450250156076086e-06,2010/08/17 19:00:00
NL13,Heating Tertiary,2010,5493,9.472490174956856e-06,2010/08/17 20:00:00
NL13,Heating Tertiary,2010,5494,1.1008500203326954e-05,2010/08/17 21:00:00
NL13,Heating Tertiary,2010,5495,1.2842700237204623e-05,2010/08/17 22:00:00
NL13,Heating Tertiary,2010,5496,1.4600100269663792e-05,2010/08/17 23:00:00
NL13,Heating Tertiary,2010,5497,3.460440063914314e-05,2010/08/18 00:00:00
NL13,Heating Tertiary,2010,5498,3.641400067256645e-05,2010/08/18 01:00:00
NL13,Heating Tertiary,2010,5499,3.734720068980265e-05,2010/08/18 02:00:00
NL13,Heating Tertiary,2010,5500,3.775290069729592e-05,2010/08/18 03:00:00
NL13,Heating Tertiary,2010,5501,3.719280068695088e-05,2010/08/18 04:00:00
NL13,Heating Tertiary,2010,5502,3.512470064875308e-05,2010/08/18 05:00:00
NL13,Heating Tertiary,2010,5503,3.175530058652027e-05,2010/08/18 06:00:00
NL13,Heating Tertiary,2010,5504,2.7799800513462202e-05,2010/08/18 07:00:00
NL13,Heating Tertiary,2010,5505,2.420630044709027e-05,2010/08/18 08:00:00
NL13,Heating Tertiary,2010,5506,2.139470039516003e-05,2010/08/18 09:00:00
NL13,Heating Tertiary,2010,5507,1.945830035939473e-05,2010/08/18 10:00:00
NL13,Heating Tertiary,2010,5508,1.8003900332531968e-05,2010/08/18 11:00:00
NL13,Heating Tertiary,2010,5509,1.700660031411184e-05,2010/08/18 12:00:00
NL13,Heating Tertiary,2010,5510,1.653930030548081e-05,2010/08/18 13:00:00
NL13,Heating Tertiary,2010,5511,1.6538300305462338e-05,2010/08/18 14:00:00
NL13,Heating Tertiary,2010,5512,1.6720500308827572e-05,2010/08/18 15:00:00
NL13,Heating Tertiary,2010,5513,1.6779300309913608e-05,2010/08/18 16:00:00
NL13,Heating Tertiary,2010,5514,1.685530031131733e-05,2010/08/18 17:00:00
NL13,Heating Tertiary,2010,5515,1.720940031785755e-05,2010/08/18 18:00:00
NL13,Heating Tertiary,2010,5516,1.830880033816347e-05,2010/08/18 19:00:00
NL13,Heating Tertiary,2010,5517,2.052380037907451e-05,2010/08/18 20:00:00
NL13,Heating Tertiary,2010,5518,2.3851800440542657e-05,2010/08/18 21:00:00
NL13,Heating Tertiary,2010,5519,2.7825800513942425e-05,2010/08/18 22:00:00
NL13,Heating Tertiary,2010,5520,3.163350058427063e-05,2010/08/18 23:00:00
NL13,Heating Tertiary,2010,5521,1.597130029498985e-05,2010/08/19 00:00:00
NL13,Heating Tertiary,2010,5522,1.6806500310415992e-05,2010/08/19 01:00:00
NL13,Heating Tertiary,2010,5523,1.7237200318371023e-05,2010/08/19 02:00:00
NL13,Heating Tertiary,2010,5524,1.7424400321828602e-05,2010/08/19 03:00:00
NL13,Heating Tertiary,2010,5525,1.716590031705411e-05,2010/08/19 04:00:00
NL13,Heating Tertiary,2010,5526,1.62114002994245e-05,2010/08/19 05:00:00
NL13,Heating Tertiary,2010,5527,1.4656300270701807e-05,2010/08/19 06:00:00
NL13,Heating Tertiary,2010,5528,1.2830700236982982e-05,2010/08/19 07:00:00
NL13,Heating Tertiary,2010,5529,1.1172100206348645e-05,2010/08/19 08:00:00
NL13,Heating Tertiary,2010,5530,9.874510182382164e-06,2010/08/19 09:00:00
NL13,Heating Tertiary,2010,5531,8.980740165874231e-06,2010/08/19 10:00:00
NL13,Heating Tertiary,2010,5532,8.309520153476802e-06,2010/08/19 11:00:00
NL13,Heating Tertiary,2010,5533,7.849200144974694e-06,2010/08/19 12:00:00
NL13,Heating Tertiary,2010,5534,7.633530140991271e-06,2010/08/19 13:00:00
NL13,Heating Tertiary,2010,5535,7.633100140983328e-06,2010/08/19 14:00:00
NL13,Heating Tertiary,2010,5536,7.717140142535547e-06,2010/08/19 15:00:00
NL13,Heating Tertiary,2010,5537,7.744310143037377e-06,2010/08/19 16:00:00
NL13,Heating Tertiary,2010,5538,7.779330143684197e-06,2010/08/19 17:00:00
NL13,Heating Tertiary,2010,5539,7.942840146704223e-06,2010/08/19 18:00:00
NL13,Heating Tertiary,2010,5540,8.450250156076086e-06,2010/08/19 19:00:00
NL13,Heating Tertiary,2010,5541,9.472490174956856e-06,2010/08/19 20:00:00
NL13,Heating Tertiary,2010,5542,1.1008500203326954e-05,2010/08/19 21:00:00
NL13,Heating Tertiary,2010,5543,1.2842700237204623e-05,2010/08/19 22:00:00
NL13,Heating Tertiary,2010,5544,1.4600100269663792e-05,2010/08/19 23:00:00
NL13,Heating Tertiary,2010,5545,1.597130029498985e-05,2010/08/20 00:00:00
NL13,Heating Tertiary,2010,5546,1.6806500310415992e-05,2010/08/20 01:00:00
NL13,Heating Tertiary,2010,5547,1.7237200318371023e-05,2010/08/20 02:00:00
NL13,Heating Tertiary,2010,5548,1.7424400321828602e-05,2010/08/20 03:00:00
NL13,Heating Tertiary,2010,5549,1.716590031705411e-05,2010/08/20 04:00:00
NL13,Heating Tertiary,2010,5550,1.62114002994245e-05,2010/08/20 05:00:00
NL13,Heating Tertiary,2010,5551,1.4656300270701807e-05,2010/08/20 06:00:00
NL13,Heating Tertiary,2010,5552,1.2830700236982982e-05,2010/08/20 07:00:00
NL13,Heating Tertiary,2010,5553,1.1172100206348645e-05,2010/08/20 08:00:00
NL13,Heating Tertiary,2010,5554,9.874510182382164e-06,2010/08/20 09:00:00
NL13,Heating Tertiary,2010,5555,8.980740165874231e-06,2010/08/20 10:00:00
NL13,Heating Tertiary,2010,5556,8.309520153476802e-06,2010/08/20 11:00:00
NL13,Heating Tertiary,2010,5557,7.849200144974694e-06,2010/08/20 12:00:00
NL13,Heating Tertiary,2010,5558,7.633530140991271e-06,2010/08/20 13:00:00
NL13,Heating Tertiary,2010,5559,7.633100140983328e-06,2010/08/20 14:00:00
NL13,Heating Tertiary,2010,5560,7.717140142535547e-06,2010/08/20 15:00:00
NL13,Heating Tertiary,2010,5561,7.744310143037377e-06,2010/08/20 16:00:00
NL13,Heating Tertiary,2010,5562,7.779330143684197e-06,2010/08/20 17:00:00
NL13,Heating Tertiary,2010,5563,7.942840146704223e-06,2010/08/20 18:00:00
NL13,Heating Tertiary,2010,5564,8.450250156076086e-06,2010/08/20 19:00:00
NL13,Heating Tertiary,2010,5565,9.472490174956856e-06,2010/08/20 20:00:00
NL13,Heating Tertiary,2010,5566,1.1008500203326954e-05,2010/08/20 21:00:00
NL13,Heating Tertiary,2010,5567,1.2842700237204623e-05,2010/08/20 22:00:00
NL13,Heating Tertiary,2010,5568,1.4600100269663792e-05,2010/08/20 23:00:00
NL13,Heating Tertiary,2010,5569,1.6823100310722593e-05,2010/08/21 00:00:00
NL13,Heating Tertiary,2010,5570,1.7648900325975117e-05,2010/08/21 01:00:00
NL13,Heating Tertiary,2010,5571,1.8141000335064202e-05,2010/08/21 02:00:00
NL13,Heating Tertiary,2010,5572,1.8430100340403878e-05,2010/08/21 03:00:00
NL13,Heating Tertiary,2010,5573,1.8234200336785608e-05,2010/08/21 04:00:00
NL13,Heating Tertiary,2010,5574,1.7313300319776587e-05,2010/08/21 05:00:00
NL13,Heating Tertiary,2010,5575,1.575860029106128e-05,2010/08/21 06:00:00
NL13,Heating Tertiary,2010,5576,1.388930025653532e-05,2010/08/21 07:00:00
NL13,Heating Tertiary,2010,5577,1.2062600222796178e-05,2010/08/21 08:00:00
NL13,Heating Tertiary,2010,5578,1.0582200195453195e-05,2010/08/21 09:00:00
NL13,Heating Tertiary,2010,5579,9.525340175932995e-06,2010/08/21 10:00:00
NL13,Heating Tertiary,2010,5580,8.752190161652916e-06,2010/08/21 11:00:00
NL13,Heating Tertiary,2010,5581,8.193730151338163e-06,2010/08/21 12:00:00
NL13,Heating Tertiary,2010,5582,7.931140146488125e-06,2010/08/21 13:00:00
NL13,Heating Tertiary,2010,5583,7.949090146819662e-06,2010/08/21 14:00:00
NL13,Heating Tertiary,2010,5584,8.06228014891028e-06,2010/08/21 15:00:00
NL13,Heating Tertiary,2010,5585,8.102630149655546e-06,2010/08/21 16:00:00
NL13,Heating Tertiary,2010,5586,8.091800149455515e-06,2010/08/21 17:00:00
NL13,Heating Tertiary,2010,5587,8.169280150886572e-06,2010/08/21 18:00:00
NL13,Heating Tertiary,2010,5588,8.594630158742785e-06,2010/08/21 19:00:00
NL13,Heating Tertiary,2010,5589,9.655060178328924e-06,2010/08/21 20:00:00
NL13,Heating Tertiary,2010,5590,1.1348800209612295e-05,2010/08/21 21:00:00
NL13,Heating Tertiary,2010,5591,1.3450600248432532e-05,2010/08/21 22:00:00
NL13,Heating Tertiary,2010,5592,1.538070028408147e-05,2010/08/21 23:00:00
NL13,Heating Tertiary,2010,5593,1.707720031541582e-05,2010/08/22 00:00:00
NL13,Heating Tertiary,2010,5594,1.8157200335363417e-05,2010/08/22 01:00:00
NL13,Heating Tertiary,2010,5595,1.8643300344341683e-05,2010/08/22 02:00:00
NL13,Heating Tertiary,2010,5596,1.884130034799874e-05,2010/08/22 03:00:00
NL13,Heating Tertiary,2010,5597,1.8561700342834528e-05,2010/08/22 04:00:00
NL13,Heating Tertiary,2010,5598,1.762590032555031e-05,2010/08/22 05:00:00
NL13,Heating Tertiary,2010,5599,1.6085100297091737e-05,2010/08/22 06:00:00
NL13,Heating Tertiary,2010,5600,1.422290026269691e-05,2010/08/22 07:00:00
NL13,Heating Tertiary,2010,5601,1.2444200229844328e-05,2010/08/22 08:00:00
NL13,Heating Tertiary,2010,5602,1.1055500204195043e-05,2010/08/22 09:00:00
NL13,Heating Tertiary,2010,5603,1.010440018662823e-05,2010/08/22 10:00:00
NL13,Heating Tertiary,2010,5604,9.377620173204607e-06,2010/08/22 11:00:00
NL13,Heating Tertiary,2010,5605,8.801890162570877e-06,2010/08/22 12:00:00
NL13,Heating Tertiary,2010,5606,8.480760156639607e-06,2010/08/22 13:00:00
NL13,Heating Tertiary,2010,5607,8.333720153923777e-06,2010/08/22 14:00:00
NL13,Heating Tertiary,2010,5608,8.27498015283885e-06,2010/08/22 15:00:00
NL13,Heating Tertiary,2010,5609,8.166560150836334e-06,2010/08/22 16:00:00
NL13,Heating Tertiary,2010,5610,8.118780149953837e-06,2010/08/22 17:00:00
NL13,Heating Tertiary,2010,5611,8.236740152132557e-06,2010/08/22 18:00:00
NL13,Heating Tertiary,2010,5612,8.711350160898602e-06,2010/08/22 19:00:00
NL13,Heating Tertiary,2010,5613,9.739660179891485e-06,2010/08/22 20:00:00
NL13,Heating Tertiary,2010,5614,1.130530020880885e-05,2010/08/22 21:00:00
NL13,Heating Tertiary,2010,5615,1.3290400245473639e-05,2010/08/22 22:00:00
NL13,Heating Tertiary,2010,5616,1.5366900283826585e-05,2010/08/22 23:00:00
NL13,Heating Tertiary,2010,5617,1.597130029498985e-05,2010/08/23 00:00:00
NL13,Heating Tertiary,2010,5618,1.6806500310415992e-05,2010/08/23 01:00:00
NL13,Heating Tertiary,2010,5619,1.7237200318371023e-05,2010/08/23 02:00:00
NL13,Heating Tertiary,2010,5620,1.7424400321828602e-05,2010/08/23 03:00:00
NL13,Heating Tertiary,2010,5621,1.716590031705411e-05,2010/08/23 04:00:00
NL13,Heating Tertiary,2010,5622,1.62114002994245e-05,2010/08/23 05:00:00
NL13,Heating Tertiary,2010,5623,1.4656300270701807e-05,2010/08/23 06:00:00
NL13,Heating Tertiary,2010,5624,1.2830700236982982e-05,2010/08/23 07:00:00
NL13,Heating Tertiary,2010,5625,1.1172100206348645e-05,2010/08/23 08:00:00
NL13,Heating Tertiary,2010,5626,9.874510182382164e-06,2010/08/23 09:00:00
NL13,Heating Tertiary,2010,5627,8.980740165874231e-06,2010/08/23 10:00:00
NL13,Heating Tertiary,2010,5628,8.309520153476802e-06,2010/08/23 11:00:00
NL13,Heating Tertiary,2010,5629,7.849200144974694e-06,2010/08/23 12:00:00
NL13,Heating Tertiary,2010,5630,7.633530140991271e-06,2010/08/23 13:00:00
NL13,Heating Tertiary,2010,5631,7.633100140983328e-06,2010/08/23 14:00:00
NL13,Heating Tertiary,2010,5632,7.717140142535547e-06,2010/08/23 15:00:00
NL13,Heating Tertiary,2010,5633,7.744310143037377e-06,2010/08/23 16:00:00
NL13,Heating Tertiary,2010,5634,7.779330143684197e-06,2010/08/23 17:00:00
NL13,Heating Tertiary,2010,5635,7.942840146704223e-06,2010/08/23 18:00:00
NL13,Heating Tertiary,2010,5636,8.450250156076086e-06,2010/08/23 19:00:00
NL13,Heating Tertiary,2010,5637,9.472490174956856e-06,2010/08/23 20:00:00
NL13,Heating Tertiary,2010,5638,1.1008500203326954e-05,2010/08/23 21:00:00
NL13,Heating Tertiary,2010,5639,1.2842700237204623e-05,2010/08/23 22:00:00
NL13,Heating Tertiary,2010,5640,1.4600100269663792e-05,2010/08/23 23:00:00
NL13,Heating Tertiary,2010,5641,1.597130029498985e-05,2010/08/24 00:00:00
NL13,Heating Tertiary,2010,5642,1.6806500310415992e-05,2010/08/24 01:00:00
NL13,Heating Tertiary,2010,5643,1.7237200318371023e-05,2010/08/24 02:00:00
NL13,Heating Tertiary,2010,5644,1.7424400321828602e-05,2010/08/24 03:00:00
NL13,Heating Tertiary,2010,5645,1.716590031705411e-05,2010/08/24 04:00:00
NL13,Heating Tertiary,2010,5646,1.62114002994245e-05,2010/08/24 05:00:00
NL13,Heating Tertiary,2010,5647,1.4656300270701807e-05,2010/08/24 06:00:00
NL13,Heating Tertiary,2010,5648,1.2830700236982982e-05,2010/08/24 07:00:00
NL13,Heating Tertiary,2010,5649,1.1172100206348645e-05,2010/08/24 08:00:00
NL13,Heating Tertiary,2010,5650,9.874510182382164e-06,2010/08/24 09:00:00
NL13,Heating Tertiary,2010,5651,8.980740165874231e-06,2010/08/24 10:00:00
NL13,Heating Tertiary,2010,5652,8.309520153476802e-06,2010/08/24 11:00:00
NL13,Heating Tertiary,2010,5653,7.849200144974694e-06,2010/08/24 12:00:00
NL13,Heating Tertiary,2010,5654,7.633530140991271e-06,2010/08/24 13:00:00
NL13,Heating Tertiary,2010,5655,7.633100140983328e-06,2010/08/24 14:00:00
NL13,Heating Tertiary,2010,5656,7.717140142535547e-06,2010/08/24 15:00:00
NL13,Heating Tertiary,2010,5657,7.744310143037377e-06,2010/08/24 16:00:00
NL13,Heating Tertiary,2010,5658,7.779330143684197e-06,2010/08/24 17:00:00
NL13,Heating Tertiary,2010,5659,7.942840146704223e-06,2010/08/24 18:00:00
NL13,Heating Tertiary,2010,5660,8.450250156076086e-06,2010/08/24 19:00:00
NL13,Heating Tertiary,2010,5661,9.472490174956856e-06,2010/08/24 20:00:00
NL13,Heating Tertiary,2010,5662,1.1008500203326954e-05,2010/08/24 21:00:00
NL13,Heating Tertiary,2010,5663,1.2842700237204623e-05,2010/08/24 22:00:00
NL13,Heating Tertiary,2010,5664,1.4600100269663792e-05,2010/08/24 23:00:00
NL13,Heating Tertiary,2010,5665,3.460440063914314e-05,2010/08/25 00:00:00
NL13,Heating Tertiary,2010,5666,3.641400067256645e-05,2010/08/25 01:00:00
NL13,Heating Tertiary,2010,5667,3.734720068980265e-05,2010/08/25 02:00:00
NL13,Heating Tertiary,2010,5668,3.775290069729592e-05,2010/08/25 03:00:00
NL13,Heating Tertiary,2010,5669,3.719280068695088e-05,2010/08/25 04:00:00
NL13,Heating Tertiary,2010,5670,3.512470064875308e-05,2010/08/25 05:00:00
NL13,Heating Tertiary,2010,5671,3.175530058652027e-05,2010/08/25 06:00:00
NL13,Heating Tertiary,2010,5672,2.7799800513462202e-05,2010/08/25 07:00:00
NL13,Heating Tertiary,2010,5673,2.420630044709027e-05,2010/08/25 08:00:00
NL13,Heating Tertiary,2010,5674,2.139470039516003e-05,2010/08/25 09:00:00
NL13,Heating Tertiary,2010,5675,1.945830035939473e-05,2010/08/25 10:00:00
NL13,Heating Tertiary,2010,5676,1.8003900332531968e-05,2010/08/25 11:00:00
NL13,Heating Tertiary,2010,5677,1.700660031411184e-05,2010/08/25 12:00:00
NL13,Heating Tertiary,2010,5678,1.653930030548081e-05,2010/08/25 13:00:00
NL13,Heating Tertiary,2010,5679,1.6538300305462338e-05,2010/08/25 14:00:00
NL13,Heating Tertiary,2010,5680,1.6720500308827572e-05,2010/08/25 15:00:00
NL13,Heating Tertiary,2010,5681,1.6779300309913608e-05,2010/08/25 16:00:00
NL13,Heating Tertiary,2010,5682,1.685530031131733e-05,2010/08/25 17:00:00
NL13,Heating Tertiary,2010,5683,1.720940031785755e-05,2010/08/25 18:00:00
NL13,Heating Tertiary,2010,5684,1.830880033816347e-05,2010/08/25 19:00:00
NL13,Heating Tertiary,2010,5685,2.052380037907451e-05,2010/08/25 20:00:00
NL13,Heating Tertiary,2010,5686,2.3851800440542657e-05,2010/08/25 21:00:00
NL13,Heating Tertiary,2010,5687,2.7825800513942425e-05,2010/08/25 22:00:00
NL13,Heating Tertiary,2010,5688,3.163350058427063e-05,2010/08/25 23:00:00
NL13,Heating Tertiary,2010,5689,3.460440063914314e-05,2010/08/26 00:00:00
NL13,Heating Tertiary,2010,5690,3.641400067256645e-05,2010/08/26 01:00:00
NL13,Heating Tertiary,2010,5691,3.734720068980265e-05,2010/08/26 02:00:00
NL13,Heating Tertiary,2010,5692,3.775290069729592e-05,2010/08/26 03:00:00
NL13,Heating Tertiary,2010,5693,3.719280068695088e-05,2010/08/26 04:00:00
NL13,Heating Tertiary,2010,5694,3.512470064875308e-05,2010/08/26 05:00:00
NL13,Heating Tertiary,2010,5695,3.175530058652027e-05,2010/08/26 06:00:00
NL13,Heating Tertiary,2010,5696,2.7799800513462202e-05,2010/08/26 07:00:00
NL13,Heating Tertiary,2010,5697,2.420630044709027e-05,2010/08/26 08:00:00
NL13,Heating Tertiary,2010,5698,2.139470039516003e-05,2010/08/26 09:00:00
NL13,Heating Tertiary,2010,5699,1.945830035939473e-05,2010/08/26 10:00:00
NL13,Heating Tertiary,2010,5700,1.8003900332531968e-05,2010/08/26 11:00:00
NL13,Heating Tertiary,2010,5701,1.700660031411184e-05,2010/08/26 12:00:00
NL13,Heating Tertiary,2010,5702,1.653930030548081e-05,2010/08/26 13:00:00
NL13,Heating Tertiary,2010,5703,1.6538300305462338e-05,2010/08/26 14:00:00
NL13,Heating Tertiary,2010,5704,1.6720500308827572e-05,2010/08/26 15:00:00
NL13,Heating Tertiary,2010,5705,1.6779300309913608e-05,2010/08/26 16:00:00
NL13,Heating Tertiary,2010,5706,1.685530031131733e-05,2010/08/26 17:00:00
NL13,Heating Tertiary,2010,5707,1.720940031785755e-05,2010/08/26 18:00:00
NL13,Heating Tertiary,2010,5708,1.830880033816347e-05,2010/08/26 19:00:00
NL13,Heating Tertiary,2010,5709,2.052380037907451e-05,2010/08/26 20:00:00
NL13,Heating Tertiary,2010,5710,2.3851800440542657e-05,2010/08/26 21:00:00
NL13,Heating Tertiary,2010,5711,2.7825800513942425e-05,2010/08/26 22:00:00
NL13,Heating Tertiary,2010,5712,3.163350058427063e-05,2010/08/26 23:00:00
NL13,Heating Tertiary,2010,5713,5.4568501007879995e-05,2010/08/27 00:00:00
NL13,Heating Tertiary,2010,5714,5.742210106058597e-05,2010/08/27 01:00:00
NL13,Heating Tertiary,2010,5715,5.889370108776642e-05,2010/08/27 02:00:00
NL13,Heating Tertiary,2010,5716,5.953350109958352e-05,2010/08/27 03:00:00
NL13,Heating Tertiary,2010,5717,5.865010108326713e-05,2010/08/27 04:00:00
NL13,Heating Tertiary,2010,5718,5.5389001023034624e-05,2010/08/27 05:00:00
NL13,Heating Tertiary,2010,5719,5.007570092489799e-05,2010/08/27 06:00:00
NL13,Heating Tertiary,2010,5720,4.383830080969323e-05,2010/08/27 07:00:00
NL13,Heating Tertiary,2010,5721,3.8171500705027466e-05,2010/08/27 08:00:00
NL13,Heating Tertiary,2010,5722,3.373780062313704e-05,2010/08/27 09:00:00
NL13,Heating Tertiary,2010,5723,3.068420056673706e-05,2010/08/27 10:00:00
NL13,Heating Tertiary,2010,5724,2.8390900524379815e-05,2010/08/27 11:00:00
NL13,Heating Tertiary,2010,5725,2.6818200495332054e-05,2010/08/27 12:00:00
NL13,Heating Tertiary,2010,5726,2.608110048171782e-05,2010/08/27 13:00:00
NL13,Heating Tertiary,2010,5727,2.607970048169196e-05,2010/08/27 14:00:00
NL13,Heating Tertiary,2010,5728,2.6366900486996545e-05,2010/08/27 15:00:00
NL13,Heating Tertiary,2010,5729,2.6459600488708713e-05,2010/08/27 16:00:00
NL13,Heating Tertiary,2010,5730,2.657940049092142e-05,2010/08/27 17:00:00
NL13,Heating Tertiary,2010,5731,2.713800050123876e-05,2010/08/27 18:00:00
NL13,Heating Tertiary,2010,5732,2.8871700533260193e-05,2010/08/27 19:00:00
NL13,Heating Tertiary,2010,5733,3.236440059777035e-05,2010/08/27 20:00:00
NL13,Heating Tertiary,2010,5734,3.761250069470273e-05,2010/08/27 21:00:00
NL13,Heating Tertiary,2010,5735,4.387920081044866e-05,2010/08/27 22:00:00
NL13,Heating Tertiary,2010,5736,4.988370092135175e-05,2010/08/27 23:00:00
NL13,Heating Tertiary,2010,5737,7.325030135293277e-05,2010/08/28 00:00:00
NL13,Heating Tertiary,2010,5738,7.684590141934349e-05,2010/08/28 01:00:00
NL13,Heating Tertiary,2010,5739,7.898900145892651e-05,2010/08/28 02:00:00
NL13,Heating Tertiary,2010,5740,8.024780148217657e-05,2010/08/28 03:00:00
NL13,Heating Tertiary,2010,5741,7.939500146642535e-05,2010/08/28 04:00:00
NL13,Heating Tertiary,2010,5742,7.538530139236621e-05,2010/08/28 05:00:00
NL13,Heating Tertiary,2010,5743,6.861560126732988e-05,2010/08/28 06:00:00
NL13,Heating Tertiary,2010,5744,6.047660111700258e-05,2010/08/28 07:00:00
NL13,Heating Tertiary,2010,5745,5.252270097009407e-05,2010/08/28 08:00:00
NL13,Heating Tertiary,2010,5746,4.607680085103832e-05,2010/08/28 09:00:00
NL13,Heating Tertiary,2010,5747,4.14750007660431e-05,2010/08/28 10:00:00
NL13,Heating Tertiary,2010,5748,3.8108400703862007e-05,2010/08/28 11:00:00
NL13,Heating Tertiary,2010,5749,3.5677000658954056e-05,2010/08/28 12:00:00
NL13,Heating Tertiary,2010,5750,3.453340063783177e-05,2010/08/28 13:00:00
NL13,Heating Tertiary,2010,5751,3.461170063927797e-05,2010/08/28 14:00:00
NL13,Heating Tertiary,2010,5752,3.5104400648378136e-05,2010/08/28 15:00:00
NL13,Heating Tertiary,2010,5753,3.5280100651623315e-05,2010/08/28 16:00:00
NL13,Heating Tertiary,2010,5754,3.523300065075339e-05,2010/08/28 17:00:00
NL13,Heating Tertiary,2010,5755,3.5570500656987005e-05,2010/08/28 18:00:00
NL13,Heating Tertiary,2010,5756,3.742230069118974e-05,2010/08/28 19:00:00
NL13,Heating Tertiary,2010,5757,4.203970077647311e-05,2010/08/28 20:00:00
NL13,Heating Tertiary,2010,5758,4.941440091268379e-05,2010/08/28 21:00:00
NL13,Heating Tertiary,2010,5759,5.8566201081717495e-05,2010/08/28 22:00:00
NL13,Heating Tertiary,2010,5760,6.697000123693565e-05,2010/08/28 23:00:00
NL13,Heating Tertiary,2010,5761,7.435680137336982e-05,2010/08/29 00:00:00
NL13,Heating Tertiary,2010,5762,7.905890146021758e-05,2010/08/29 01:00:00
NL13,Heating Tertiary,2010,5763,8.117610149932228e-05,2010/08/29 02:00:00
NL13,Heating Tertiary,2010,5764,8.203820151524525e-05,2010/08/29 03:00:00
NL13,Heating Tertiary,2010,5765,8.082080149275989e-05,2010/08/29 04:00:00
NL13,Heating Tertiary,2010,5766,7.674620141750203e-05,2010/08/29 05:00:00
NL13,Heating Tertiary,2010,5767,7.003710129358498e-05,2010/08/29 06:00:00
NL13,Heating Tertiary,2010,5768,6.192870114382286e-05,2010/08/29 07:00:00
NL13,Heating Tertiary,2010,5769,5.418420100078197e-05,2010/08/29 08:00:00
NL13,Heating Tertiary,2010,5770,4.813750088909945e-05,2010/08/29 09:00:00
NL13,Heating Tertiary,2010,5771,4.399590081260411e-05,2010/08/29 10:00:00
NL13,Heating Tertiary,2010,5772,4.0831800754163195e-05,2010/08/29 11:00:00
NL13,Heating Tertiary,2010,5773,3.832490070786076e-05,2010/08/29 12:00:00
NL13,Heating Tertiary,2010,5774,3.692680068203786e-05,2010/08/29 13:00:00
NL13,Heating Tertiary,2010,5775,3.628620067020598e-05,2010/08/29 14:00:00
NL13,Heating Tertiary,2010,5776,3.603060066548505e-05,2010/08/29 15:00:00
NL13,Heating Tertiary,2010,5777,3.555860065676721e-05,2010/08/29 16:00:00
NL13,Heating Tertiary,2010,5778,3.535060065292545e-05,2010/08/29 17:00:00
NL13,Heating Tertiary,2010,5779,3.586410066240979e-05,2010/08/29 18:00:00
NL13,Heating Tertiary,2010,5780,3.7930600700578036e-05,2010/08/29 19:00:00
NL13,Heating Tertiary,2010,5781,4.240790078327375e-05,2010/08/29 20:00:00
NL13,Heating Tertiary,2010,5782,4.9225000909185566e-05,2010/08/29 21:00:00
NL13,Heating Tertiary,2010,5783,5.7868601068832824e-05,2010/08/29 22:00:00
NL13,Heating Tertiary,2010,5784,6.691060123583854e-05,2010/08/29 23:00:00
NL13,Heating Tertiary,2010,5785,0.00010048600185597605,2010/08/30 00:00:00
NL13,Heating Tertiary,2010,5786,0.00010574100195303588,2010/08/30 01:00:00
NL13,Heating Tertiary,2010,5787,0.00010845100200308956,2010/08/30 02:00:00
NL13,Heating Tertiary,2010,5788,0.00010962800202482875,2010/08/30 03:00:00
NL13,Heating Tertiary,2010,5789,0.00010800200199479653,2010/08/30 04:00:00
NL13,Heating Tertiary,2010,5790,0.00010199700188388421,2010/08/30 05:00:00
NL13,Heating Tertiary,2010,5791,9.221230170316083e-05,2010/08/30 06:00:00
NL13,Heating Tertiary,2010,5792,8.07268014910237e-05,2010/08/30 07:00:00
NL13,Heating Tertiary,2010,5793,7.029150129828375e-05,2010/08/30 08:00:00
NL13,Heating Tertiary,2010,5794,6.212670114747991e-05,2010/08/30 09:00:00
NL13,Heating Tertiary,2010,5795,5.650390104362683e-05,2010/08/30 10:00:00
NL13,Heating Tertiary,2010,5796,5.228080096562618e-05,2010/08/30 11:00:00
NL13,Heating Tertiary,2010,5797,4.938470091213523e-05,2010/08/30 12:00:00
NL13,Heating Tertiary,2010,5798,4.80274008870659e-05,2010/08/30 13:00:00
NL13,Heating Tertiary,2010,5799,4.802490088701973e-05,2010/08/30 14:00:00
NL13,Heating Tertiary,2010,5800,4.855360089678481e-05,2010/08/30 15:00:00
NL13,Heating Tertiary,2010,5801,4.872440089993949e-05,2010/08/30 16:00:00
NL13,Heating Tertiary,2010,5802,4.8945000904013965e-05,2010/08/30 17:00:00
NL13,Heating Tertiary,2010,5803,4.99736009230122e-05,2010/08/30 18:00:00
NL13,Heating Tertiary,2010,5804,5.316610098197767e-05,2010/08/30 19:00:00
NL13,Heating Tertiary,2010,5805,5.959790110077299e-05,2010/08/30 20:00:00
NL13,Heating Tertiary,2010,5806,6.926230127927443e-05,2010/08/30 21:00:00
NL13,Heating Tertiary,2010,5807,8.080170149240709e-05,2010/08/30 22:00:00
NL13,Heating Tertiary,2010,5808,9.185890169663355e-05,2010/08/30 23:00:00
NL13,Heating Tertiary,2010,5809,6.95414012844294e-05,2010/08/31 00:00:00
NL13,Heating Tertiary,2010,5810,7.317850135160662e-05,2010/08/31 01:00:00
NL13,Heating Tertiary,2010,5811,7.505360138623972e-05,2010/08/31 02:00:00
NL13,Heating Tertiary,2010,5812,7.586870140129462e-05,2010/08/31 03:00:00
NL13,Heating Tertiary,2010,5813,7.474300138050293e-05,2010/08/31 04:00:00
NL13,Heating Tertiary,2010,5814,7.058730130374716e-05,2010/08/31 05:00:00
NL13,Heating Tertiary,2010,5815,6.381630117868682e-05,2010/08/31 06:00:00
NL13,Heating Tertiary,2010,5816,5.586700103186328e-05,2010/08/31 07:00:00
NL13,Heating Tertiary,2010,5817,4.864540089848036e-05,2010/08/31 08:00:00
NL13,Heating Tertiary,2010,5818,4.299510079411934e-05,2010/08/31 09:00:00
NL13,Heating Tertiary,2010,5819,3.91037007222452e-05,2010/08/31 10:00:00
NL13,Heating Tertiary,2010,5820,3.6181000668262935e-05,2010/08/31 11:00:00
NL13,Heating Tertiary,2010,5821,3.417680063124537e-05,2010/08/31 12:00:00
NL13,Heating Tertiary,2010,5822,3.323760061389835e-05,2010/08/31 13:00:00
NL13,Heating Tertiary,2010,5823,3.32358006138651e-05,2010/08/31 14:00:00
NL13,Heating Tertiary,2010,5824,3.360170062062328e-05,2010/08/31 15:00:00
NL13,Heating Tertiary,2010,5825,3.371990062280643e-05,2010/08/31 16:00:00
NL13,Heating Tertiary,2010,5826,3.387250062562495e-05,2010/08/31 17:00:00
NL13,Heating Tertiary,2010,5827,3.458440063877374e-05,2010/08/31 18:00:00
NL13,Heating Tertiary,2010,5828,3.6793800679581344e-05,2010/08/31 19:00:00
NL13,Heating Tertiary,2010,5829,4.124490076179315e-05,2010/08/31 20:00:00
NL13,Heating Tertiary,2010,5830,4.793300088532233e-05,2010/08/31 21:00:00
NL13,Heating Tertiary,2010,5831,5.591920103282741e-05,2010/08/31 22:00:00
NL13,Heating Tertiary,2010,5832,6.357120117415983e-05,2010/08/31 23:00:00
NL13,Heating Tertiary,2010,5833,6.95414012844294e-05,2010/09/01 00:00:00
NL13,Heating Tertiary,2010,5834,7.317850135160662e-05,2010/09/01 01:00:00
NL13,Heating Tertiary,2010,5835,7.505360138623972e-05,2010/09/01 02:00:00
NL13,Heating Tertiary,2010,5836,7.586870140129462e-05,2010/09/01 03:00:00
NL13,Heating Tertiary,2010,5837,7.474300138050293e-05,2010/09/01 04:00:00
NL13,Heating Tertiary,2010,5838,7.058730130374716e-05,2010/09/01 05:00:00
NL13,Heating Tertiary,2010,5839,6.381630117868682e-05,2010/09/01 06:00:00
NL13,Heating Tertiary,2010,5840,5.586700103186328e-05,2010/09/01 07:00:00
NL13,Heating Tertiary,2010,5841,4.864540089848036e-05,2010/09/01 08:00:00
NL13,Heating Tertiary,2010,5842,4.299510079411934e-05,2010/09/01 09:00:00
NL13,Heating Tertiary,2010,5843,3.91037007222452e-05,2010/09/01 10:00:00
NL13,Heating Tertiary,2010,5844,3.6181000668262935e-05,2010/09/01 11:00:00
NL13,Heating Tertiary,2010,5845,3.417680063124537e-05,2010/09/01 12:00:00
NL13,Heating Tertiary,2010,5846,3.323760061389835e-05,2010/09/01 13:00:00
NL13,Heating Tertiary,2010,5847,3.32358006138651e-05,2010/09/01 14:00:00
NL13,Heating Tertiary,2010,5848,3.360170062062328e-05,2010/09/01 15:00:00
NL13,Heating Tertiary,2010,5849,3.371990062280643e-05,2010/09/01 16:00:00
NL13,Heating Tertiary,2010,5850,3.387250062562495e-05,2010/09/01 17:00:00
NL13,Heating Tertiary,2010,5851,3.458440063877374e-05,2010/09/01 18:00:00
NL13,Heating Tertiary,2010,5852,3.6793800679581344e-05,2010/09/01 19:00:00
NL13,Heating Tertiary,2010,5853,4.124490076179315e-05,2010/09/01 20:00:00
NL13,Heating Tertiary,2010,5854,4.793300088532233e-05,2010/09/01 21:00:00
NL13,Heating Tertiary,2010,5855,5.591920103282741e-05,2010/09/01 22:00:00
NL13,Heating Tertiary,2010,5856,6.357120117415983e-05,2010/09/01 23:00:00
NL13,Heating Tertiary,2010,5857,6.95414012844294e-05,2010/09/02 00:00:00
NL13,Heating Tertiary,2010,5858,7.317850135160662e-05,2010/09/02 01:00:00
NL13,Heating Tertiary,2010,5859,7.505360138623972e-05,2010/09/02 02:00:00
NL13,Heating Tertiary,2010,5860,7.586870140129462e-05,2010/09/02 03:00:00
NL13,Heating Tertiary,2010,5861,7.474300138050293e-05,2010/09/02 04:00:00
NL13,Heating Tertiary,2010,5862,7.058730130374716e-05,2010/09/02 05:00:00
NL13,Heating Tertiary,2010,5863,6.381630117868682e-05,2010/09/02 06:00:00
NL13,Heating Tertiary,2010,5864,5.586700103186328e-05,2010/09/02 07:00:00
NL13,Heating Tertiary,2010,5865,4.864540089848036e-05,2010/09/02 08:00:00
NL13,Heating Tertiary,2010,5866,4.299510079411934e-05,2010/09/02 09:00:00
NL13,Heating Tertiary,2010,5867,3.91037007222452e-05,2010/09/02 10:00:00
NL13,Heating Tertiary,2010,5868,3.6181000668262935e-05,2010/09/02 11:00:00
NL13,Heating Tertiary,2010,5869,3.417680063124537e-05,2010/09/02 12:00:00
NL13,Heating Tertiary,2010,5870,3.323760061389835e-05,2010/09/02 13:00:00
NL13,Heating Tertiary,2010,5871,3.32358006138651e-05,2010/09/02 14:00:00
NL13,Heating Tertiary,2010,5872,3.360170062062328e-05,2010/09/02 15:00:00
NL13,Heating Tertiary,2010,5873,3.371990062280643e-05,2010/09/02 16:00:00
NL13,Heating Tertiary,2010,5874,3.387250062562495e-05,2010/09/02 17:00:00
NL13,Heating Tertiary,2010,5875,3.458440063877374e-05,2010/09/02 18:00:00
NL13,Heating Tertiary,2010,5876,3.6793800679581344e-05,2010/09/02 19:00:00
NL13,Heating Tertiary,2010,5877,4.124490076179315e-05,2010/09/02 20:00:00
NL13,Heating Tertiary,2010,5878,4.793300088532233e-05,2010/09/02 21:00:00
NL13,Heating Tertiary,2010,5879,5.591920103282741e-05,2010/09/02 22:00:00
NL13,Heating Tertiary,2010,5880,6.357120117415983e-05,2010/09/02 23:00:00
NL13,Heating Tertiary,2010,5881,6.95414012844294e-05,2010/09/03 00:00:00
NL13,Heating Tertiary,2010,5882,7.317850135160662e-05,2010/09/03 01:00:00
NL13,Heating Tertiary,2010,5883,7.505360138623972e-05,2010/09/03 02:00:00
NL13,Heating Tertiary,2010,5884,7.586870140129462e-05,2010/09/03 03:00:00
NL13,Heating Tertiary,2010,5885,7.474300138050293e-05,2010/09/03 04:00:00
NL13,Heating Tertiary,2010,5886,7.058730130374716e-05,2010/09/03 05:00:00
NL13,Heating Tertiary,2010,5887,6.381630117868682e-05,2010/09/03 06:00:00
NL13,Heating Tertiary,2010,5888,5.586700103186328e-05,2010/09/03 07:00:00
NL13,Heating Tertiary,2010,5889,4.864540089848036e-05,2010/09/03 08:00:00
NL13,Heating Tertiary,2010,5890,4.299510079411934e-05,2010/09/03 09:00:00
NL13,Heating Tertiary,2010,5891,3.91037007222452e-05,2010/09/03 10:00:00
NL13,Heating Tertiary,2010,5892,3.6181000668262935e-05,2010/09/03 11:00:00
NL13,Heating Tertiary,2010,5893,3.417680063124537e-05,2010/09/03 12:00:00
NL13,Heating Tertiary,2010,5894,3.323760061389835e-05,2010/09/03 13:00:00
NL13,Heating Tertiary,2010,5895,3.32358006138651e-05,2010/09/03 14:00:00
NL13,Heating Tertiary,2010,5896,3.360170062062328e-05,2010/09/03 15:00:00
NL13,Heating Tertiary,2010,5897,3.371990062280643e-05,2010/09/03 16:00:00
NL13,Heating Tertiary,2010,5898,3.387250062562495e-05,2010/09/03 17:00:00
NL13,Heating Tertiary,2010,5899,3.458440063877374e-05,2010/09/03 18:00:00
NL13,Heating Tertiary,2010,5900,3.6793800679581344e-05,2010/09/03 19:00:00
NL13,Heating Tertiary,2010,5901,4.124490076179315e-05,2010/09/03 20:00:00
NL13,Heating Tertiary,2010,5902,4.793300088532233e-05,2010/09/03 21:00:00
NL13,Heating Tertiary,2010,5903,5.591920103282741e-05,2010/09/03 22:00:00
NL13,Heating Tertiary,2010,5904,6.357120117415983e-05,2010/09/03 23:00:00
NL13,Heating Tertiary,2010,5905,7.325030135293277e-05,2010/09/04 00:00:00
NL13,Heating Tertiary,2010,5906,7.684590141934349e-05,2010/09/04 01:00:00
NL13,Heating Tertiary,2010,5907,7.898900145892651e-05,2010/09/04 02:00:00
NL13,Heating Tertiary,2010,5908,8.024780148217657e-05,2010/09/04 03:00:00
NL13,Heating Tertiary,2010,5909,7.939500146642535e-05,2010/09/04 04:00:00
NL13,Heating Tertiary,2010,5910,7.538530139236621e-05,2010/09/04 05:00:00
NL13,Heating Tertiary,2010,5911,6.861560126732988e-05,2010/09/04 06:00:00
NL13,Heating Tertiary,2010,5912,6.047660111700258e-05,2010/09/04 07:00:00
NL13,Heating Tertiary,2010,5913,5.252270097009407e-05,2010/09/04 08:00:00
NL13,Heating Tertiary,2010,5914,4.607680085103832e-05,2010/09/04 09:00:00
NL13,Heating Tertiary,2010,5915,4.14750007660431e-05,2010/09/04 10:00:00
NL13,Heating Tertiary,2010,5916,3.8108400703862007e-05,2010/09/04 11:00:00
NL13,Heating Tertiary,2010,5917,3.5677000658954056e-05,2010/09/04 12:00:00
NL13,Heating Tertiary,2010,5918,3.453340063783177e-05,2010/09/04 13:00:00
NL13,Heating Tertiary,2010,5919,3.461170063927797e-05,2010/09/04 14:00:00
NL13,Heating Tertiary,2010,5920,3.5104400648378136e-05,2010/09/04 15:00:00
NL13,Heating Tertiary,2010,5921,3.5280100651623315e-05,2010/09/04 16:00:00
NL13,Heating Tertiary,2010,5922,3.523300065075339e-05,2010/09/04 17:00:00
NL13,Heating Tertiary,2010,5923,3.5570500656987005e-05,2010/09/04 18:00:00
NL13,Heating Tertiary,2010,5924,3.742230069118974e-05,2010/09/04 19:00:00
NL13,Heating Tertiary,2010,5925,4.203970077647311e-05,2010/09/04 20:00:00
NL13,Heating Tertiary,2010,5926,4.941440091268379e-05,2010/09/04 21:00:00
NL13,Heating Tertiary,2010,5927,5.8566201081717495e-05,2010/09/04 22:00:00
NL13,Heating Tertiary,2010,5928,6.697000123693565e-05,2010/09/04 23:00:00
NL13,Heating Tertiary,2010,5929,7.435680137336982e-05,2010/09/05 00:00:00
NL13,Heating Tertiary,2010,5930,7.905890146021758e-05,2010/09/05 01:00:00
NL13,Heating Tertiary,2010,5931,8.117610149932228e-05,2010/09/05 02:00:00
NL13,Heating Tertiary,2010,5932,8.203820151524525e-05,2010/09/05 03:00:00
NL13,Heating Tertiary,2010,5933,8.082080149275989e-05,2010/09/05 04:00:00
NL13,Heating Tertiary,2010,5934,7.674620141750203e-05,2010/09/05 05:00:00
NL13,Heating Tertiary,2010,5935,7.003710129358498e-05,2010/09/05 06:00:00
NL13,Heating Tertiary,2010,5936,6.192870114382286e-05,2010/09/05 07:00:00
NL13,Heating Tertiary,2010,5937,5.418420100078197e-05,2010/09/05 08:00:00
NL13,Heating Tertiary,2010,5938,4.813750088909945e-05,2010/09/05 09:00:00
NL13,Heating Tertiary,2010,5939,4.399590081260411e-05,2010/09/05 10:00:00
NL13,Heating Tertiary,2010,5940,4.0831800754163195e-05,2010/09/05 11:00:00
NL13,Heating Tertiary,2010,5941,3.832490070786076e-05,2010/09/05 12:00:00
NL13,Heating Tertiary,2010,5942,3.692680068203786e-05,2010/09/05 13:00:00
NL13,Heating Tertiary,2010,5943,3.628620067020598e-05,2010/09/05 14:00:00
NL13,Heating Tertiary,2010,5944,3.603060066548505e-05,2010/09/05 15:00:00
NL13,Heating Tertiary,2010,5945,3.555860065676721e-05,2010/09/05 16:00:00
NL13,Heating Tertiary,2010,5946,3.535060065292545e-05,2010/09/05 17:00:00
NL13,Heating Tertiary,2010,5947,3.586410066240979e-05,2010/09/05 18:00:00
NL13,Heating Tertiary,2010,5948,3.7930600700578036e-05,2010/09/05 19:00:00
NL13,Heating Tertiary,2010,5949,4.240790078327375e-05,2010/09/05 20:00:00
NL13,Heating Tertiary,2010,5950,4.9225000909185566e-05,2010/09/05 21:00:00
NL13,Heating Tertiary,2010,5951,5.7868601068832824e-05,2010/09/05 22:00:00
NL13,Heating Tertiary,2010,5952,6.691060123583854e-05,2010/09/05 23:00:00
NL13,Heating Tertiary,2010,5953,8.518010157327612e-05,2010/09/06 00:00:00
NL13,Heating Tertiary,2010,5954,8.963470165555256e-05,2010/09/06 01:00:00
NL13,Heating Tertiary,2010,5955,9.19320016979837e-05,2010/09/06 02:00:00
NL13,Heating Tertiary,2010,5956,9.293020171642044e-05,2010/09/06 03:00:00
NL13,Heating Tertiary,2010,5957,9.155140169095402e-05,2010/09/06 04:00:00
NL13,Heating Tertiary,2010,5958,8.646060159692696e-05,2010/09/06 05:00:00
NL13,Heating Tertiary,2010,5959,7.816710144374605e-05,2010/09/06 06:00:00
NL13,Heating Tertiary,2010,5960,6.843050126391107e-05,2010/09/06 07:00:00
NL13,Heating Tertiary,2010,5961,5.9584801100531036e-05,2010/09/06 08:00:00
NL13,Heating Tertiary,2010,5962,5.266390097270204e-05,2010/09/06 09:00:00
NL13,Heating Tertiary,2010,5963,4.7897300884662955e-05,2010/09/06 10:00:00
NL13,Heating Tertiary,2010,5964,4.431740081854221e-05,2010/09/06 11:00:00
NL13,Heating Tertiary,2010,5965,4.186250077320022e-05,2010/09/06 12:00:00
NL13,Heating Tertiary,2010,5966,4.071200075195049e-05,2010/09/06 13:00:00
NL13,Heating Tertiary,2010,5967,4.0709800751909854e-05,2010/09/06 14:00:00
NL13,Heating Tertiary,2010,5968,4.115800076018811e-05,2010/09/06 15:00:00
NL13,Heating Tertiary,2010,5969,4.130280076286256e-05,2010/09/06 16:00:00
NL13,Heating Tertiary,2010,5970,4.148980076631645e-05,2010/09/06 17:00:00
NL13,Heating Tertiary,2010,5971,4.236180078242229e-05,2010/09/06 18:00:00
NL13,Heating Tertiary,2010,5972,4.5067900832403946e-05,2010/09/06 19:00:00
NL13,Heating Tertiary,2010,5973,5.052000093310422e-05,2010/09/06 20:00:00
NL13,Heating Tertiary,2010,5974,5.871220108441412e-05,2010/09/06 21:00:00
NL13,Heating Tertiary,2010,5975,6.849430126508947e-05,2010/09/06 22:00:00
NL13,Heating Tertiary,2010,5976,7.78670014382032e-05,2010/09/06 23:00:00
NL13,Heating Tertiary,2010,5977,5.4568501007879995e-05,2010/09/07 00:00:00
NL13,Heating Tertiary,2010,5978,5.742210106058597e-05,2010/09/07 01:00:00
NL13,Heating Tertiary,2010,5979,5.889370108776642e-05,2010/09/07 02:00:00
NL13,Heating Tertiary,2010,5980,5.953350109958352e-05,2010/09/07 03:00:00
NL13,Heating Tertiary,2010,5981,5.865010108326713e-05,2010/09/07 04:00:00
NL13,Heating Tertiary,2010,5982,5.5389001023034624e-05,2010/09/07 05:00:00
NL13,Heating Tertiary,2010,5983,5.007570092489799e-05,2010/09/07 06:00:00
NL13,Heating Tertiary,2010,5984,4.383830080969323e-05,2010/09/07 07:00:00
NL13,Heating Tertiary,2010,5985,3.8171500705027466e-05,2010/09/07 08:00:00
NL13,Heating Tertiary,2010,5986,3.373780062313704e-05,2010/09/07 09:00:00
NL13,Heating Tertiary,2010,5987,3.068420056673706e-05,2010/09/07 10:00:00
NL13,Heating Tertiary,2010,5988,2.8390900524379815e-05,2010/09/07 11:00:00
NL13,Heating Tertiary,2010,5989,2.6818200495332054e-05,2010/09/07 12:00:00
NL13,Heating Tertiary,2010,5990,2.608110048171782e-05,2010/09/07 13:00:00
NL13,Heating Tertiary,2010,5991,2.607970048169196e-05,2010/09/07 14:00:00
NL13,Heating Tertiary,2010,5992,2.6366900486996545e-05,2010/09/07 15:00:00
NL13,Heating Tertiary,2010,5993,2.6459600488708713e-05,2010/09/07 16:00:00
NL13,Heating Tertiary,2010,5994,2.657940049092142e-05,2010/09/07 17:00:00
NL13,Heating Tertiary,2010,5995,2.713800050123876e-05,2010/09/07 18:00:00
NL13,Heating Tertiary,2010,5996,2.8871700533260193e-05,2010/09/07 19:00:00
NL13,Heating Tertiary,2010,5997,3.236440059777035e-05,2010/09/07 20:00:00
NL13,Heating Tertiary,2010,5998,3.761250069470273e-05,2010/09/07 21:00:00
NL13,Heating Tertiary,2010,5999,4.387920081044866e-05,2010/09/07 22:00:00
NL13,Heating Tertiary,2010,6000,4.988370092135175e-05,2010/09/07 23:00:00
NL13,Heating Tertiary,2010,6001,6.95414012844294e-05,2010/09/08 00:00:00
NL13,Heating Tertiary,2010,6002,7.317850135160662e-05,2010/09/08 01:00:00
NL13,Heating Tertiary,2010,6003,7.505360138623972e-05,2010/09/08 02:00:00
NL13,Heating Tertiary,2010,6004,7.586870140129462e-05,2010/09/08 03:00:00
NL13,Heating Tertiary,2010,6005,7.474300138050293e-05,2010/09/08 04:00:00
NL13,Heating Tertiary,2010,6006,7.058730130374716e-05,2010/09/08 05:00:00
NL13,Heating Tertiary,2010,6007,6.381630117868682e-05,2010/09/08 06:00:00
NL13,Heating Tertiary,2010,6008,5.586700103186328e-05,2010/09/08 07:00:00
NL13,Heating Tertiary,2010,6009,4.864540089848036e-05,2010/09/08 08:00:00
NL13,Heating Tertiary,2010,6010,4.299510079411934e-05,2010/09/08 09:00:00
NL13,Heating Tertiary,2010,6011,3.91037007222452e-05,2010/09/08 10:00:00
NL13,Heating Tertiary,2010,6012,3.6181000668262935e-05,2010/09/08 11:00:00
NL13,Heating Tertiary,2010,6013,3.417680063124537e-05,2010/09/08 12:00:00
NL13,Heating Tertiary,2010,6014,3.323760061389835e-05,2010/09/08 13:00:00
NL13,Heating Tertiary,2010,6015,3.32358006138651e-05,2010/09/08 14:00:00
NL13,Heating Tertiary,2010,6016,3.360170062062328e-05,2010/09/08 15:00:00
NL13,Heating Tertiary,2010,6017,3.371990062280643e-05,2010/09/08 16:00:00
NL13,Heating Tertiary,2010,6018,3.387250062562495e-05,2010/09/08 17:00:00
NL13,Heating Tertiary,2010,6019,3.458440063877374e-05,2010/09/08 18:00:00
NL13,Heating Tertiary,2010,6020,3.6793800679581344e-05,2010/09/08 19:00:00
NL13,Heating Tertiary,2010,6021,4.124490076179315e-05,2010/09/08 20:00:00
NL13,Heating Tertiary,2010,6022,4.793300088532233e-05,2010/09/08 21:00:00
NL13,Heating Tertiary,2010,6023,5.591920103282741e-05,2010/09/08 22:00:00
NL13,Heating Tertiary,2010,6024,6.357120117415983e-05,2010/09/08 23:00:00
NL13,Heating Tertiary,2010,6025,5.4568501007879995e-05,2010/09/09 00:00:00
NL13,Heating Tertiary,2010,6026,5.742210106058597e-05,2010/09/09 01:00:00
NL13,Heating Tertiary,2010,6027,5.889370108776642e-05,2010/09/09 02:00:00
NL13,Heating Tertiary,2010,6028,5.953350109958352e-05,2010/09/09 03:00:00
NL13,Heating Tertiary,2010,6029,5.865010108326713e-05,2010/09/09 04:00:00
NL13,Heating Tertiary,2010,6030,5.5389001023034624e-05,2010/09/09 05:00:00
NL13,Heating Tertiary,2010,6031,5.007570092489799e-05,2010/09/09 06:00:00
NL13,Heating Tertiary,2010,6032,4.383830080969323e-05,2010/09/09 07:00:00
NL13,Heating Tertiary,2010,6033,3.8171500705027466e-05,2010/09/09 08:00:00
NL13,Heating Tertiary,2010,6034,3.373780062313704e-05,2010/09/09 09:00:00
NL13,Heating Tertiary,2010,6035,3.068420056673706e-05,2010/09/09 10:00:00
NL13,Heating Tertiary,2010,6036,2.8390900524379815e-05,2010/09/09 11:00:00
NL13,Heating Tertiary,2010,6037,2.6818200495332054e-05,2010/09/09 12:00:00
NL13,Heating Tertiary,2010,6038,2.608110048171782e-05,2010/09/09 13:00:00
NL13,Heating Tertiary,2010,6039,2.607970048169196e-05,2010/09/09 14:00:00
NL13,Heating Tertiary,2010,6040,2.6366900486996545e-05,2010/09/09 15:00:00
NL13,Heating Tertiary,2010,6041,2.6459600488708713e-05,2010/09/09 16:00:00
NL13,Heating Tertiary,2010,6042,2.657940049092142e-05,2010/09/09 17:00:00
NL13,Heating Tertiary,2010,6043,2.713800050123876e-05,2010/09/09 18:00:00
NL13,Heating Tertiary,2010,6044,2.8871700533260193e-05,2010/09/09 19:00:00
NL13,Heating Tertiary,2010,6045,3.236440059777035e-05,2010/09/09 20:00:00
NL13,Heating Tertiary,2010,6046,3.761250069470273e-05,2010/09/09 21:00:00
NL13,Heating Tertiary,2010,6047,4.387920081044866e-05,2010/09/09 22:00:00
NL13,Heating Tertiary,2010,6048,4.988370092135175e-05,2010/09/09 23:00:00
NL13,Heating Tertiary,2010,6049,5.4568501007879995e-05,2010/09/10 00:00:00
NL13,Heating Tertiary,2010,6050,5.742210106058597e-05,2010/09/10 01:00:00
NL13,Heating Tertiary,2010,6051,5.889370108776642e-05,2010/09/10 02:00:00
NL13,Heating Tertiary,2010,6052,5.953350109958352e-05,2010/09/10 03:00:00
NL13,Heating Tertiary,2010,6053,5.865010108326713e-05,2010/09/10 04:00:00
NL13,Heating Tertiary,2010,6054,5.5389001023034624e-05,2010/09/10 05:00:00
NL13,Heating Tertiary,2010,6055,5.007570092489799e-05,2010/09/10 06:00:00
NL13,Heating Tertiary,2010,6056,4.383830080969323e-05,2010/09/10 07:00:00
NL13,Heating Tertiary,2010,6057,3.8171500705027466e-05,2010/09/10 08:00:00
NL13,Heating Tertiary,2010,6058,3.373780062313704e-05,2010/09/10 09:00:00
NL13,Heating Tertiary,2010,6059,3.068420056673706e-05,2010/09/10 10:00:00
NL13,Heating Tertiary,2010,6060,2.8390900524379815e-05,2010/09/10 11:00:00
NL13,Heating Tertiary,2010,6061,2.6818200495332054e-05,2010/09/10 12:00:00
NL13,Heating Tertiary,2010,6062,2.608110048171782e-05,2010/09/10 13:00:00
NL13,Heating Tertiary,2010,6063,2.607970048169196e-05,2010/09/10 14:00:00
NL13,Heating Tertiary,2010,6064,2.6366900486996545e-05,2010/09/10 15:00:00
NL13,Heating Tertiary,2010,6065,2.6459600488708713e-05,2010/09/10 16:00:00
NL13,Heating Tertiary,2010,6066,2.657940049092142e-05,2010/09/10 17:00:00
NL13,Heating Tertiary,2010,6067,2.713800050123876e-05,2010/09/10 18:00:00
NL13,Heating Tertiary,2010,6068,2.8871700533260193e-05,2010/09/10 19:00:00
NL13,Heating Tertiary,2010,6069,3.236440059777035e-05,2010/09/10 20:00:00
NL13,Heating Tertiary,2010,6070,3.761250069470273e-05,2010/09/10 21:00:00
NL13,Heating Tertiary,2010,6071,4.387920081044866e-05,2010/09/10 22:00:00
NL13,Heating Tertiary,2010,6072,4.988370092135175e-05,2010/09/10 23:00:00
NL13,Heating Tertiary,2010,6073,3.6449900673229516e-05,2010/09/11 00:00:00
NL13,Heating Tertiary,2010,6074,3.8239200706277875e-05,2010/09/11 01:00:00
NL13,Heating Tertiary,2010,6075,3.9305600725974285e-05,2010/09/11 02:00:00
NL13,Heating Tertiary,2010,6076,3.993190073754204e-05,2010/09/11 03:00:00
NL13,Heating Tertiary,2010,6077,3.950750072970338e-05,2010/09/11 04:00:00
NL13,Heating Tertiary,2010,6078,3.751230069285204e-05,2010/09/11 05:00:00
NL13,Heating Tertiary,2010,6079,3.4143700630634017e-05,2010/09/11 06:00:00
NL13,Heating Tertiary,2010,6080,3.0093600555828677e-05,2010/09/11 07:00:00
NL13,Heating Tertiary,2010,6081,2.613570048272628e-05,2010/09/11 08:00:00
NL13,Heating Tertiary,2010,6082,2.2928100423481923e-05,2010/09/11 09:00:00
NL13,Heating Tertiary,2010,6083,2.0638300381189324e-05,2010/09/11 10:00:00
NL13,Heating Tertiary,2010,6084,1.8963100350248386e-05,2010/09/11 11:00:00
NL13,Heating Tertiary,2010,6085,1.775310032789969e-05,2010/09/11 12:00:00
NL13,Heating Tertiary,2010,6086,1.7184100317390263e-05,2010/09/11 13:00:00
NL13,Heating Tertiary,2010,6087,1.7223000318108744e-05,2010/09/11 14:00:00
NL13,Heating Tertiary,2010,6088,1.7468200322637587e-05,2010/09/11 15:00:00
NL13,Heating Tertiary,2010,6089,1.7555700324253715e-05,2010/09/11 16:00:00
NL13,Heating Tertiary,2010,6090,1.7532200323819667e-05,2010/09/11 17:00:00
NL13,Heating Tertiary,2010,6091,1.770010032692078e-05,2010/09/11 18:00:00
NL13,Heating Tertiary,2010,6092,1.8621600343940884e-05,2010/09/11 19:00:00
NL13,Heating Tertiary,2010,6093,2.0919300386379393e-05,2010/09/11 20:00:00
NL13,Heating Tertiary,2010,6094,2.458900045415874e-05,2010/09/11 21:00:00
NL13,Heating Tertiary,2010,6095,2.9143000538271103e-05,2010/09/11 22:00:00
NL13,Heating Tertiary,2010,6096,3.3324800615508936e-05,2010/09/11 23:00:00
NL13,Heating Tertiary,2010,6097,1.707720031541582e-05,2010/09/12 00:00:00
NL13,Heating Tertiary,2010,6098,1.8157200335363417e-05,2010/09/12 01:00:00
NL13,Heating Tertiary,2010,6099,1.8643300344341683e-05,2010/09/12 02:00:00
NL13,Heating Tertiary,2010,6100,1.884130034799874e-05,2010/09/12 03:00:00
NL13,Heating Tertiary,2010,6101,1.8561700342834528e-05,2010/09/12 04:00:00
NL13,Heating Tertiary,2010,6102,1.762590032555031e-05,2010/09/12 05:00:00
NL13,Heating Tertiary,2010,6103,1.6085100297091737e-05,2010/09/12 06:00:00
NL13,Heating Tertiary,2010,6104,1.422290026269691e-05,2010/09/12 07:00:00
NL13,Heating Tertiary,2010,6105,1.2444200229844328e-05,2010/09/12 08:00:00
NL13,Heating Tertiary,2010,6106,1.1055500204195043e-05,2010/09/12 09:00:00
NL13,Heating Tertiary,2010,6107,1.010440018662823e-05,2010/09/12 10:00:00
NL13,Heating Tertiary,2010,6108,9.377620173204607e-06,2010/09/12 11:00:00
NL13,Heating Tertiary,2010,6109,8.801890162570877e-06,2010/09/12 12:00:00
NL13,Heating Tertiary,2010,6110,8.480760156639607e-06,2010/09/12 13:00:00
NL13,Heating Tertiary,2010,6111,8.333720153923777e-06,2010/09/12 14:00:00
NL13,Heating Tertiary,2010,6112,8.27498015283885e-06,2010/09/12 15:00:00
NL13,Heating Tertiary,2010,6113,8.166560150836334e-06,2010/09/12 16:00:00
NL13,Heating Tertiary,2010,6114,8.118780149953837e-06,2010/09/12 17:00:00
NL13,Heating Tertiary,2010,6115,8.236740152132557e-06,2010/09/12 18:00:00
NL13,Heating Tertiary,2010,6116,8.711350160898602e-06,2010/09/12 19:00:00
NL13,Heating Tertiary,2010,6117,9.739660179891485e-06,2010/09/12 20:00:00
NL13,Heating Tertiary,2010,6118,1.130530020880885e-05,2010/09/12 21:00:00
NL13,Heating Tertiary,2010,6119,1.3290400245473639e-05,2010/09/12 22:00:00
NL13,Heating Tertiary,2010,6120,1.5366900283826585e-05,2010/09/12 23:00:00
NL13,Heating Tertiary,2010,6121,3.460440063914314e-05,2010/09/13 00:00:00
NL13,Heating Tertiary,2010,6122,3.641400067256645e-05,2010/09/13 01:00:00
NL13,Heating Tertiary,2010,6123,3.734720068980265e-05,2010/09/13 02:00:00
NL13,Heating Tertiary,2010,6124,3.775290069729592e-05,2010/09/13 03:00:00
NL13,Heating Tertiary,2010,6125,3.719280068695088e-05,2010/09/13 04:00:00
NL13,Heating Tertiary,2010,6126,3.512470064875308e-05,2010/09/13 05:00:00
NL13,Heating Tertiary,2010,6127,3.175530058652027e-05,2010/09/13 06:00:00
NL13,Heating Tertiary,2010,6128,2.7799800513462202e-05,2010/09/13 07:00:00
NL13,Heating Tertiary,2010,6129,2.420630044709027e-05,2010/09/13 08:00:00
NL13,Heating Tertiary,2010,6130,2.139470039516003e-05,2010/09/13 09:00:00
NL13,Heating Tertiary,2010,6131,1.945830035939473e-05,2010/09/13 10:00:00
NL13,Heating Tertiary,2010,6132,1.8003900332531968e-05,2010/09/13 11:00:00
NL13,Heating Tertiary,2010,6133,1.700660031411184e-05,2010/09/13 12:00:00
NL13,Heating Tertiary,2010,6134,1.653930030548081e-05,2010/09/13 13:00:00
NL13,Heating Tertiary,2010,6135,1.6538300305462338e-05,2010/09/13 14:00:00
NL13,Heating Tertiary,2010,6136,1.6720500308827572e-05,2010/09/13 15:00:00
NL13,Heating Tertiary,2010,6137,1.6779300309913608e-05,2010/09/13 16:00:00
NL13,Heating Tertiary,2010,6138,1.685530031131733e-05,2010/09/13 17:00:00
NL13,Heating Tertiary,2010,6139,1.720940031785755e-05,2010/09/13 18:00:00
NL13,Heating Tertiary,2010,6140,1.830880033816347e-05,2010/09/13 19:00:00
NL13,Heating Tertiary,2010,6141,2.052380037907451e-05,2010/09/13 20:00:00
NL13,Heating Tertiary,2010,6142,2.3851800440542657e-05,2010/09/13 21:00:00
NL13,Heating Tertiary,2010,6143,2.7825800513942425e-05,2010/09/13 22:00:00
NL13,Heating Tertiary,2010,6144,3.163350058427063e-05,2010/09/13 23:00:00
NL13,Heating Tertiary,2010,6145,5.4568501007879995e-05,2010/09/14 00:00:00
NL13,Heating Tertiary,2010,6146,5.742210106058597e-05,2010/09/14 01:00:00
NL13,Heating Tertiary,2010,6147,5.889370108776642e-05,2010/09/14 02:00:00
NL13,Heating Tertiary,2010,6148,5.953350109958352e-05,2010/09/14 03:00:00
NL13,Heating Tertiary,2010,6149,5.865010108326713e-05,2010/09/14 04:00:00
NL13,Heating Tertiary,2010,6150,5.5389001023034624e-05,2010/09/14 05:00:00
NL13,Heating Tertiary,2010,6151,5.007570092489799e-05,2010/09/14 06:00:00
NL13,Heating Tertiary,2010,6152,4.383830080969323e-05,2010/09/14 07:00:00
NL13,Heating Tertiary,2010,6153,3.8171500705027466e-05,2010/09/14 08:00:00
NL13,Heating Tertiary,2010,6154,3.373780062313704e-05,2010/09/14 09:00:00
NL13,Heating Tertiary,2010,6155,3.068420056673706e-05,2010/09/14 10:00:00
NL13,Heating Tertiary,2010,6156,2.8390900524379815e-05,2010/09/14 11:00:00
NL13,Heating Tertiary,2010,6157,2.6818200495332054e-05,2010/09/14 12:00:00
NL13,Heating Tertiary,2010,6158,2.608110048171782e-05,2010/09/14 13:00:00
NL13,Heating Tertiary,2010,6159,2.607970048169196e-05,2010/09/14 14:00:00
NL13,Heating Tertiary,2010,6160,2.6366900486996545e-05,2010/09/14 15:00:00
NL13,Heating Tertiary,2010,6161,2.6459600488708713e-05,2010/09/14 16:00:00
NL13,Heating Tertiary,2010,6162,2.657940049092142e-05,2010/09/14 17:00:00
NL13,Heating Tertiary,2010,6163,2.713800050123876e-05,2010/09/14 18:00:00
NL13,Heating Tertiary,2010,6164,2.8871700533260193e-05,2010/09/14 19:00:00
NL13,Heating Tertiary,2010,6165,3.236440059777035e-05,2010/09/14 20:00:00
NL13,Heating Tertiary,2010,6166,3.761250069470273e-05,2010/09/14 21:00:00
NL13,Heating Tertiary,2010,6167,4.387920081044866e-05,2010/09/14 22:00:00
NL13,Heating Tertiary,2010,6168,4.988370092135175e-05,2010/09/14 23:00:00
NL13,Heating Tertiary,2010,6169,3.460440063914314e-05,2010/09/15 00:00:00
NL13,Heating Tertiary,2010,6170,3.641400067256645e-05,2010/09/15 01:00:00
NL13,Heating Tertiary,2010,6171,3.734720068980265e-05,2010/09/15 02:00:00
NL13,Heating Tertiary,2010,6172,3.775290069729592e-05,2010/09/15 03:00:00
NL13,Heating Tertiary,2010,6173,3.719280068695088e-05,2010/09/15 04:00:00
NL13,Heating Tertiary,2010,6174,3.512470064875308e-05,2010/09/15 05:00:00
NL13,Heating Tertiary,2010,6175,3.175530058652027e-05,2010/09/15 06:00:00
NL13,Heating Tertiary,2010,6176,2.7799800513462202e-05,2010/09/15 07:00:00
NL13,Heating Tertiary,2010,6177,2.420630044709027e-05,2010/09/15 08:00:00
NL13,Heating Tertiary,2010,6178,2.139470039516003e-05,2010/09/15 09:00:00
NL13,Heating Tertiary,2010,6179,1.945830035939473e-05,2010/09/15 10:00:00
NL13,Heating Tertiary,2010,6180,1.8003900332531968e-05,2010/09/15 11:00:00
NL13,Heating Tertiary,2010,6181,1.700660031411184e-05,2010/09/15 12:00:00
NL13,Heating Tertiary,2010,6182,1.653930030548081e-05,2010/09/15 13:00:00
NL13,Heating Tertiary,2010,6183,1.6538300305462338e-05,2010/09/15 14:00:00
NL13,Heating Tertiary,2010,6184,1.6720500308827572e-05,2010/09/15 15:00:00
NL13,Heating Tertiary,2010,6185,1.6779300309913608e-05,2010/09/15 16:00:00
NL13,Heating Tertiary,2010,6186,1.685530031131733e-05,2010/09/15 17:00:00
NL13,Heating Tertiary,2010,6187,1.720940031785755e-05,2010/09/15 18:00:00
NL13,Heating Tertiary,2010,6188,1.830880033816347e-05,2010/09/15 19:00:00
NL13,Heating Tertiary,2010,6189,2.052380037907451e-05,2010/09/15 20:00:00
NL13,Heating Tertiary,2010,6190,2.3851800440542657e-05,2010/09/15 21:00:00
NL13,Heating Tertiary,2010,6191,2.7825800513942425e-05,2010/09/15 22:00:00
NL13,Heating Tertiary,2010,6192,3.163350058427063e-05,2010/09/15 23:00:00
NL13,Heating Tertiary,2010,6193,6.95414012844294e-05,2010/09/16 00:00:00
NL13,Heating Tertiary,2010,6194,7.317850135160662e-05,2010/09/16 01:00:00
NL13,Heating Tertiary,2010,6195,7.505360138623972e-05,2010/09/16 02:00:00
NL13,Heating Tertiary,2010,6196,7.586870140129462e-05,2010/09/16 03:00:00
NL13,Heating Tertiary,2010,6197,7.474300138050293e-05,2010/09/16 04:00:00
NL13,Heating Tertiary,2010,6198,7.058730130374716e-05,2010/09/16 05:00:00
NL13,Heating Tertiary,2010,6199,6.381630117868682e-05,2010/09/16 06:00:00
NL13,Heating Tertiary,2010,6200,5.586700103186328e-05,2010/09/16 07:00:00
NL13,Heating Tertiary,2010,6201,4.864540089848036e-05,2010/09/16 08:00:00
NL13,Heating Tertiary,2010,6202,4.299510079411934e-05,2010/09/16 09:00:00
NL13,Heating Tertiary,2010,6203,3.91037007222452e-05,2010/09/16 10:00:00
NL13,Heating Tertiary,2010,6204,3.6181000668262935e-05,2010/09/16 11:00:00
NL13,Heating Tertiary,2010,6205,3.417680063124537e-05,2010/09/16 12:00:00
NL13,Heating Tertiary,2010,6206,3.323760061389835e-05,2010/09/16 13:00:00
NL13,Heating Tertiary,2010,6207,3.32358006138651e-05,2010/09/16 14:00:00
NL13,Heating Tertiary,2010,6208,3.360170062062328e-05,2010/09/16 15:00:00
NL13,Heating Tertiary,2010,6209,3.371990062280643e-05,2010/09/16 16:00:00
NL13,Heating Tertiary,2010,6210,3.387250062562495e-05,2010/09/16 17:00:00
NL13,Heating Tertiary,2010,6211,3.458440063877374e-05,2010/09/16 18:00:00
NL13,Heating Tertiary,2010,6212,3.6793800679581344e-05,2010/09/16 19:00:00
NL13,Heating Tertiary,2010,6213,4.124490076179315e-05,2010/09/16 20:00:00
NL13,Heating Tertiary,2010,6214,4.793300088532233e-05,2010/09/16 21:00:00
NL13,Heating Tertiary,2010,6215,5.591920103282741e-05,2010/09/16 22:00:00
NL13,Heating Tertiary,2010,6216,6.357120117415983e-05,2010/09/16 23:00:00
NL13,Heating Tertiary,2010,6217,8.518010157327612e-05,2010/09/17 00:00:00
NL13,Heating Tertiary,2010,6218,8.963470165555256e-05,2010/09/17 01:00:00
NL13,Heating Tertiary,2010,6219,9.19320016979837e-05,2010/09/17 02:00:00
NL13,Heating Tertiary,2010,6220,9.293020171642044e-05,2010/09/17 03:00:00
NL13,Heating Tertiary,2010,6221,9.155140169095402e-05,2010/09/17 04:00:00
NL13,Heating Tertiary,2010,6222,8.646060159692696e-05,2010/09/17 05:00:00
NL13,Heating Tertiary,2010,6223,7.816710144374605e-05,2010/09/17 06:00:00
NL13,Heating Tertiary,2010,6224,6.843050126391107e-05,2010/09/17 07:00:00
NL13,Heating Tertiary,2010,6225,5.9584801100531036e-05,2010/09/17 08:00:00
NL13,Heating Tertiary,2010,6226,5.266390097270204e-05,2010/09/17 09:00:00
NL13,Heating Tertiary,2010,6227,4.7897300884662955e-05,2010/09/17 10:00:00
NL13,Heating Tertiary,2010,6228,4.431740081854221e-05,2010/09/17 11:00:00
NL13,Heating Tertiary,2010,6229,4.186250077320022e-05,2010/09/17 12:00:00
NL13,Heating Tertiary,2010,6230,4.071200075195049e-05,2010/09/17 13:00:00
NL13,Heating Tertiary,2010,6231,4.0709800751909854e-05,2010/09/17 14:00:00
NL13,Heating Tertiary,2010,6232,4.115800076018811e-05,2010/09/17 15:00:00
NL13,Heating Tertiary,2010,6233,4.130280076286256e-05,2010/09/17 16:00:00
NL13,Heating Tertiary,2010,6234,4.148980076631645e-05,2010/09/17 17:00:00
NL13,Heating Tertiary,2010,6235,4.236180078242229e-05,2010/09/17 18:00:00
NL13,Heating Tertiary,2010,6236,4.5067900832403946e-05,2010/09/17 19:00:00
NL13,Heating Tertiary,2010,6237,5.052000093310422e-05,2010/09/17 20:00:00
NL13,Heating Tertiary,2010,6238,5.871220108441412e-05,2010/09/17 21:00:00
NL13,Heating Tertiary,2010,6239,6.849430126508947e-05,2010/09/17 22:00:00
NL13,Heating Tertiary,2010,6240,7.78670014382032e-05,2010/09/17 23:00:00
NL13,Heating Tertiary,2010,6241,0.00010584500195495676,2010/09/18 00:00:00
NL13,Heating Tertiary,2010,6242,0.00011104100205092685,2010/09/18 01:00:00
NL13,Heating Tertiary,2010,6243,0.00011413800210812843,2010/09/18 02:00:00
NL13,Heating Tertiary,2010,6244,0.0001159560021417069,2010/09/18 03:00:00
NL13,Heating Tertiary,2010,6245,0.00011472400211895186,2010/09/18 04:00:00
NL13,Heating Tertiary,2010,6246,0.00010893000201193671,2010/09/18 05:00:00
NL13,Heating Tertiary,2010,6247,9.914790183126135e-05,2010/09/18 06:00:00
NL13,Heating Tertiary,2010,6248,8.738700161403757e-05,2010/09/18 07:00:00
NL13,Heating Tertiary,2010,6249,7.589400140176187e-05,2010/09/18 08:00:00
NL13,Heating Tertiary,2010,6250,6.657950122972312e-05,2010/09/18 09:00:00
NL13,Heating Tertiary,2010,6251,5.993030110691242e-05,2010/09/18 10:00:00
NL13,Heating Tertiary,2010,6252,5.5065801017065125e-05,2010/09/18 11:00:00
NL13,Heating Tertiary,2010,6253,5.155240095217264e-05,2010/09/18 12:00:00
NL13,Heating Tertiary,2010,6254,4.989990092165097e-05,2010/09/18 13:00:00
NL13,Heating Tertiary,2010,6255,5.001310092374177e-05,2010/09/18 14:00:00
NL13,Heating Tertiary,2010,6256,5.07251009368924e-05,2010/09/18 15:00:00
NL13,Heating Tertiary,2010,6257,5.097900094158194e-05,2010/09/18 16:00:00
NL13,Heating Tertiary,2010,6258,5.091080094032229e-05,2010/09/18 17:00:00
NL13,Heating Tertiary,2010,6259,5.1398500949330105e-05,2010/09/18 18:00:00
NL13,Heating Tertiary,2010,6260,5.407440099875396e-05,2010/09/18 19:00:00
NL13,Heating Tertiary,2010,6261,6.074640112198578e-05,2010/09/18 20:00:00
NL13,Heating Tertiary,2010,6262,7.140230131880021e-05,2010/09/18 21:00:00
NL13,Heating Tertiary,2010,6263,8.462690156305853e-05,2010/09/18 22:00:00
NL13,Heating Tertiary,2010,6264,9.677030178734709e-05,2010/09/18 23:00:00
NL13,Heating Tertiary,2010,6265,0.0001241650022933271,2010/09/19 00:00:00
NL13,Heating Tertiary,2010,6266,0.00013201800243837198,2010/09/19 01:00:00
NL13,Heating Tertiary,2010,6267,0.0001355530025036634,2010/09/19 02:00:00
NL13,Heating Tertiary,2010,6268,0.00013699200253024176,2010/09/19 03:00:00
NL13,Heating Tertiary,2010,6269,0.00013495900249269223,2010/09/19 04:00:00
NL13,Heating Tertiary,2010,6270,0.00012815500236702237,2010/09/19 05:00:00
NL13,Heating Tertiary,2010,6271,0.000116952002160103,2010/09/19 06:00:00
NL13,Heating Tertiary,2010,6272,0.00010341200191001927,2010/09/19 07:00:00
NL13,Heating Tertiary,2010,6273,9.04801016711671e-05,2010/09/19 08:00:00
NL13,Heating Tertiary,2010,6274,8.038270148466817e-05,2010/09/19 09:00:00
NL13,Heating Tertiary,2010,6275,7.346690135693336e-05,2010/09/19 10:00:00
NL13,Heating Tertiary,2010,6276,6.818360125935084e-05,2010/09/19 11:00:00
NL13,Heating Tertiary,2010,6277,6.399700118202436e-05,2010/09/19 12:00:00
NL13,Heating Tertiary,2010,6278,6.16624011389043e-05,2010/09/19 13:00:00
NL13,Heating Tertiary,2010,6279,6.059280111914879e-05,2010/09/19 14:00:00
NL13,Heating Tertiary,2010,6280,6.016600111126579e-05,2010/09/19 15:00:00
NL13,Heating Tertiary,2010,6281,5.9377701096705896e-05,2010/09/19 16:00:00
NL13,Heating Tertiary,2010,6282,5.9030301090289415e-05,2010/09/19 17:00:00
NL13,Heating Tertiary,2010,6283,5.9887901106129294e-05,2010/09/19 18:00:00
NL13,Heating Tertiary,2010,6284,6.333850116986186e-05,2010/09/19 19:00:00
NL13,Heating Tertiary,2010,6285,7.081500130795279e-05,2010/09/19 20:00:00
NL13,Heating Tertiary,2010,6286,8.219840151820414e-05,2010/09/19 21:00:00
NL13,Heating Tertiary,2010,6287,9.663230178479822e-05,2010/09/19 22:00:00
NL13,Heating Tertiary,2010,6288,0.00011173100206367115,2010/09/19 23:00:00
NL13,Heating Tertiary,2010,6289,0.00010048600185597605,2010/09/20 00:00:00
NL13,Heating Tertiary,2010,6290,0.00010574100195303588,2010/09/20 01:00:00
NL13,Heating Tertiary,2010,6291,0.00010845100200308956,2010/09/20 02:00:00
NL13,Heating Tertiary,2010,6292,0.00010962800202482875,2010/09/20 03:00:00
NL13,Heating Tertiary,2010,6293,0.00010800200199479653,2010/09/20 04:00:00
NL13,Heating Tertiary,2010,6294,0.00010199700188388421,2010/09/20 05:00:00
NL13,Heating Tertiary,2010,6295,9.221230170316083e-05,2010/09/20 06:00:00
NL13,Heating Tertiary,2010,6296,8.07268014910237e-05,2010/09/20 07:00:00
NL13,Heating Tertiary,2010,6297,7.029150129828375e-05,2010/09/20 08:00:00
NL13,Heating Tertiary,2010,6298,6.212670114747991e-05,2010/09/20 09:00:00
NL13,Heating Tertiary,2010,6299,5.650390104362683e-05,2010/09/20 10:00:00
NL13,Heating Tertiary,2010,6300,5.228080096562618e-05,2010/09/20 11:00:00
NL13,Heating Tertiary,2010,6301,4.938470091213523e-05,2010/09/20 12:00:00
NL13,Heating Tertiary,2010,6302,4.80274008870659e-05,2010/09/20 13:00:00
NL13,Heating Tertiary,2010,6303,4.802490088701973e-05,2010/09/20 14:00:00
NL13,Heating Tertiary,2010,6304,4.855360089678481e-05,2010/09/20 15:00:00
NL13,Heating Tertiary,2010,6305,4.872440089993949e-05,2010/09/20 16:00:00
NL13,Heating Tertiary,2010,6306,4.8945000904013965e-05,2010/09/20 17:00:00
NL13,Heating Tertiary,2010,6307,4.99736009230122e-05,2010/09/20 18:00:00
NL13,Heating Tertiary,2010,6308,5.316610098197767e-05,2010/09/20 19:00:00
NL13,Heating Tertiary,2010,6309,5.959790110077299e-05,2010/09/20 20:00:00
NL13,Heating Tertiary,2010,6310,6.926230127927443e-05,2010/09/20 21:00:00
NL13,Heating Tertiary,2010,6311,8.080170149240709e-05,2010/09/20 22:00:00
NL13,Heating Tertiary,2010,6312,9.185890169663355e-05,2010/09/20 23:00:00
NL13,Heating Tertiary,2010,6313,5.4568501007879995e-05,2010/09/21 00:00:00
NL13,Heating Tertiary,2010,6314,5.742210106058597e-05,2010/09/21 01:00:00
NL13,Heating Tertiary,2010,6315,5.889370108776642e-05,2010/09/21 02:00:00
NL13,Heating Tertiary,2010,6316,5.953350109958352e-05,2010/09/21 03:00:00
NL13,Heating Tertiary,2010,6317,5.865010108326713e-05,2010/09/21 04:00:00
NL13,Heating Tertiary,2010,6318,5.5389001023034624e-05,2010/09/21 05:00:00
NL13,Heating Tertiary,2010,6319,5.007570092489799e-05,2010/09/21 06:00:00
NL13,Heating Tertiary,2010,6320,4.383830080969323e-05,2010/09/21 07:00:00
NL13,Heating Tertiary,2010,6321,3.8171500705027466e-05,2010/09/21 08:00:00
NL13,Heating Tertiary,2010,6322,3.373780062313704e-05,2010/09/21 09:00:00
NL13,Heating Tertiary,2010,6323,3.068420056673706e-05,2010/09/21 10:00:00
NL13,Heating Tertiary,2010,6324,2.8390900524379815e-05,2010/09/21 11:00:00
NL13,Heating Tertiary,2010,6325,2.6818200495332054e-05,2010/09/21 12:00:00
NL13,Heating Tertiary,2010,6326,2.608110048171782e-05,2010/09/21 13:00:00
NL13,Heating Tertiary,2010,6327,2.607970048169196e-05,2010/09/21 14:00:00
NL13,Heating Tertiary,2010,6328,2.6366900486996545e-05,2010/09/21 15:00:00
NL13,Heating Tertiary,2010,6329,2.6459600488708713e-05,2010/09/21 16:00:00
NL13,Heating Tertiary,2010,6330,2.657940049092142e-05,2010/09/21 17:00:00
NL13,Heating Tertiary,2010,6331,2.713800050123876e-05,2010/09/21 18:00:00
NL13,Heating Tertiary,2010,6332,2.8871700533260193e-05,2010/09/21 19:00:00
NL13,Heating Tertiary,2010,6333,3.236440059777035e-05,2010/09/21 20:00:00
NL13,Heating Tertiary,2010,6334,3.761250069470273e-05,2010/09/21 21:00:00
NL13,Heating Tertiary,2010,6335,4.387920081044866e-05,2010/09/21 22:00:00
NL13,Heating Tertiary,2010,6336,4.988370092135175e-05,2010/09/21 23:00:00
NL13,Heating Tertiary,2010,6337,5.4568501007879995e-05,2010/09/22 00:00:00
NL13,Heating Tertiary,2010,6338,5.742210106058597e-05,2010/09/22 01:00:00
NL13,Heating Tertiary,2010,6339,5.889370108776642e-05,2010/09/22 02:00:00
NL13,Heating Tertiary,2010,6340,5.953350109958352e-05,2010/09/22 03:00:00
NL13,Heating Tertiary,2010,6341,5.865010108326713e-05,2010/09/22 04:00:00
NL13,Heating Tertiary,2010,6342,5.5389001023034624e-05,2010/09/22 05:00:00
NL13,Heating Tertiary,2010,6343,5.007570092489799e-05,2010/09/22 06:00:00
NL13,Heating Tertiary,2010,6344,4.383830080969323e-05,2010/09/22 07:00:00
NL13,Heating Tertiary,2010,6345,3.8171500705027466e-05,2010/09/22 08:00:00
NL13,Heating Tertiary,2010,6346,3.373780062313704e-05,2010/09/22 09:00:00
NL13,Heating Tertiary,2010,6347,3.068420056673706e-05,2010/09/22 10:00:00
NL13,Heating Tertiary,2010,6348,2.8390900524379815e-05,2010/09/22 11:00:00
NL13,Heating Tertiary,2010,6349,2.6818200495332054e-05,2010/09/22 12:00:00
NL13,Heating Tertiary,2010,6350,2.608110048171782e-05,2010/09/22 13:00:00
NL13,Heating Tertiary,2010,6351,2.607970048169196e-05,2010/09/22 14:00:00
NL13,Heating Tertiary,2010,6352,2.6366900486996545e-05,2010/09/22 15:00:00
NL13,Heating Tertiary,2010,6353,2.6459600488708713e-05,2010/09/22 16:00:00
NL13,Heating Tertiary,2010,6354,2.657940049092142e-05,2010/09/22 17:00:00
NL13,Heating Tertiary,2010,6355,2.713800050123876e-05,2010/09/22 18:00:00
NL13,Heating Tertiary,2010,6356,2.8871700533260193e-05,2010/09/22 19:00:00
NL13,Heating Tertiary,2010,6357,3.236440059777035e-05,2010/09/22 20:00:00
NL13,Heating Tertiary,2010,6358,3.761250069470273e-05,2010/09/22 21:00:00
NL13,Heating Tertiary,2010,6359,4.387920081044866e-05,2010/09/22 22:00:00
NL13,Heating Tertiary,2010,6360,4.988370092135175e-05,2010/09/22 23:00:00
NL13,Heating Tertiary,2010,6361,3.460440063914314e-05,2010/09/23 00:00:00
NL13,Heating Tertiary,2010,6362,3.641400067256645e-05,2010/09/23 01:00:00
NL13,Heating Tertiary,2010,6363,3.734720068980265e-05,2010/09/23 02:00:00
NL13,Heating Tertiary,2010,6364,3.775290069729592e-05,2010/09/23 03:00:00
NL13,Heating Tertiary,2010,6365,3.719280068695088e-05,2010/09/23 04:00:00
NL13,Heating Tertiary,2010,6366,3.512470064875308e-05,2010/09/23 05:00:00
NL13,Heating Tertiary,2010,6367,3.175530058652027e-05,2010/09/23 06:00:00
NL13,Heating Tertiary,2010,6368,2.7799800513462202e-05,2010/09/23 07:00:00
NL13,Heating Tertiary,2010,6369,2.420630044709027e-05,2010/09/23 08:00:00
NL13,Heating Tertiary,2010,6370,2.139470039516003e-05,2010/09/23 09:00:00
NL13,Heating Tertiary,2010,6371,1.945830035939473e-05,2010/09/23 10:00:00
NL13,Heating Tertiary,2010,6372,1.8003900332531968e-05,2010/09/23 11:00:00
NL13,Heating Tertiary,2010,6373,1.700660031411184e-05,2010/09/23 12:00:00
NL13,Heating Tertiary,2010,6374,1.653930030548081e-05,2010/09/23 13:00:00
NL13,Heating Tertiary,2010,6375,1.6538300305462338e-05,2010/09/23 14:00:00
NL13,Heating Tertiary,2010,6376,1.6720500308827572e-05,2010/09/23 15:00:00
NL13,Heating Tertiary,2010,6377,1.6779300309913608e-05,2010/09/23 16:00:00
NL13,Heating Tertiary,2010,6378,1.685530031131733e-05,2010/09/23 17:00:00
NL13,Heating Tertiary,2010,6379,1.720940031785755e-05,2010/09/23 18:00:00
NL13,Heating Tertiary,2010,6380,1.830880033816347e-05,2010/09/23 19:00:00
NL13,Heating Tertiary,2010,6381,2.052380037907451e-05,2010/09/23 20:00:00
NL13,Heating Tertiary,2010,6382,2.3851800440542657e-05,2010/09/23 21:00:00
NL13,Heating Tertiary,2010,6383,2.7825800513942425e-05,2010/09/23 22:00:00
NL13,Heating Tertiary,2010,6384,3.163350058427063e-05,2010/09/23 23:00:00
NL13,Heating Tertiary,2010,6385,1.597130029498985e-05,2010/09/24 00:00:00
NL13,Heating Tertiary,2010,6386,1.6806500310415992e-05,2010/09/24 01:00:00
NL13,Heating Tertiary,2010,6387,1.7237200318371023e-05,2010/09/24 02:00:00
NL13,Heating Tertiary,2010,6388,1.7424400321828602e-05,2010/09/24 03:00:00
NL13,Heating Tertiary,2010,6389,1.716590031705411e-05,2010/09/24 04:00:00
NL13,Heating Tertiary,2010,6390,1.62114002994245e-05,2010/09/24 05:00:00
NL13,Heating Tertiary,2010,6391,1.4656300270701807e-05,2010/09/24 06:00:00
NL13,Heating Tertiary,2010,6392,1.2830700236982982e-05,2010/09/24 07:00:00
NL13,Heating Tertiary,2010,6393,1.1172100206348645e-05,2010/09/24 08:00:00
NL13,Heating Tertiary,2010,6394,9.874510182382164e-06,2010/09/24 09:00:00
NL13,Heating Tertiary,2010,6395,8.980740165874231e-06,2010/09/24 10:00:00
NL13,Heating Tertiary,2010,6396,8.309520153476802e-06,2010/09/24 11:00:00
NL13,Heating Tertiary,2010,6397,7.849200144974694e-06,2010/09/24 12:00:00
NL13,Heating Tertiary,2010,6398,7.633530140991271e-06,2010/09/24 13:00:00
NL13,Heating Tertiary,2010,6399,7.633100140983328e-06,2010/09/24 14:00:00
NL13,Heating Tertiary,2010,6400,7.717140142535547e-06,2010/09/24 15:00:00
NL13,Heating Tertiary,2010,6401,7.744310143037377e-06,2010/09/24 16:00:00
NL13,Heating Tertiary,2010,6402,7.779330143684197e-06,2010/09/24 17:00:00
NL13,Heating Tertiary,2010,6403,7.942840146704223e-06,2010/09/24 18:00:00
NL13,Heating Tertiary,2010,6404,8.450250156076086e-06,2010/09/24 19:00:00
NL13,Heating Tertiary,2010,6405,9.472490174956856e-06,2010/09/24 20:00:00
NL13,Heating Tertiary,2010,6406,1.1008500203326954e-05,2010/09/24 21:00:00
NL13,Heating Tertiary,2010,6407,1.2842700237204623e-05,2010/09/24 22:00:00
NL13,Heating Tertiary,2010,6408,1.4600100269663792e-05,2010/09/24 23:00:00
NL13,Heating Tertiary,2010,6409,5.747880106163322e-05,2010/09/25 00:00:00
NL13,Heating Tertiary,2010,6410,6.030030111374632e-05,2010/09/25 01:00:00
NL13,Heating Tertiary,2010,6411,6.198190114480547e-05,2010/09/25 02:00:00
NL13,Heating Tertiary,2010,6412,6.296960116304828e-05,2010/09/25 03:00:00
NL13,Heating Tertiary,2010,6413,6.230000115068077e-05,2010/09/25 04:00:00
NL13,Heating Tertiary,2010,6414,5.915400109257416e-05,2010/09/25 05:00:00
NL13,Heating Tertiary,2010,6415,5.384190099445969e-05,2010/09/25 06:00:00
NL13,Heating Tertiary,2010,6416,4.745530087649922e-05,2010/09/25 07:00:00
NL13,Heating Tertiary,2010,6417,4.121400076122243e-05,2010/09/25 08:00:00
NL13,Heating Tertiary,2010,6418,3.615590066779934e-05,2010/09/25 09:00:00
NL13,Heating Tertiary,2010,6419,3.254490060110418e-05,2010/09/25 10:00:00
NL13,Heating Tertiary,2010,6420,2.9903200552311992e-05,2010/09/25 11:00:00
NL13,Heating Tertiary,2010,6421,2.7995300517073088e-05,2010/09/25 12:00:00
NL13,Heating Tertiary,2010,6422,2.7098000500499968e-05,2010/09/25 13:00:00
NL13,Heating Tertiary,2010,6423,2.715940050163402e-05,2010/09/25 14:00:00
NL13,Heating Tertiary,2010,6424,2.7546000508774518e-05,2010/09/25 15:00:00
NL13,Heating Tertiary,2010,6425,2.768400051132338e-05,2010/09/25 16:00:00
NL13,Heating Tertiary,2010,6426,2.764690051063814e-05,2010/09/25 17:00:00
NL13,Heating Tertiary,2010,6427,2.791180051553084e-05,2010/09/25 18:00:00
NL13,Heating Tertiary,2010,6428,2.9364900542369593e-05,2010/09/25 19:00:00
NL13,Heating Tertiary,2010,6429,3.298810060929009e-05,2010/09/25 20:00:00
NL13,Heating Tertiary,2010,6430,3.877490071617226e-05,2010/09/25 21:00:00
NL13,Heating Tertiary,2010,6431,4.595620084881085e-05,2010/09/25 22:00:00
NL13,Heating Tertiary,2010,6432,5.255060097060939e-05,2010/09/25 23:00:00
NL13,Heating Tertiary,2010,6433,0.00010744400198449029,2010/09/26 00:00:00
NL13,Heating Tertiary,2010,6434,0.00011423800210997543,2010/09/26 01:00:00
NL13,Heating Tertiary,2010,6435,0.00011729800216649363,2010/09/26 02:00:00
NL13,Heating Tertiary,2010,6436,0.00011854300218948878,2010/09/26 03:00:00
NL13,Heating Tertiary,2010,6437,0.00011678400215700005,2010/09/26 04:00:00
NL13,Heating Tertiary,2010,6438,0.00011089700204826719,2010/09/26 05:00:00
NL13,Heating Tertiary,2010,6439,0.00010120200186920057,2010/09/26 06:00:00
NL13,Heating Tertiary,2010,6440,8.948560165279871e-05,2010/09/26 07:00:00
NL13,Heating Tertiary,2010,6441,7.829460144610098e-05,2010/09/26 08:00:00
NL13,Heating Tertiary,2010,6442,6.955750128472677e-05,2010/09/26 09:00:00
NL13,Heating Tertiary,2010,6443,6.357300117419308e-05,2010/09/26 10:00:00
NL13,Heating Tertiary,2010,6444,5.900100108974826e-05,2010/09/26 11:00:00
NL13,Heating Tertiary,2010,6445,5.5378601022842535e-05,2010/09/26 12:00:00
NL13,Heating Tertiary,2010,6446,5.3358200985525755e-05,2010/09/26 13:00:00
NL13,Heating Tertiary,2010,6447,5.243280096843362e-05,2010/09/26 14:00:00
NL13,Heating Tertiary,2010,6448,5.20634009616108e-05,2010/09/26 15:00:00
NL13,Heating Tertiary,2010,6449,5.138130094901242e-05,2010/09/26 16:00:00
NL13,Heating Tertiary,2010,6450,5.108070094346034e-05,2010/09/26 17:00:00
NL13,Heating Tertiary,2010,6451,5.182270095716507e-05,2010/09/26 18:00:00
NL13,Heating Tertiary,2010,6452,5.480880101231833e-05,2010/09/26 19:00:00
NL13,Heating Tertiary,2010,6453,6.127850113181366e-05,2010/09/26 20:00:00
NL13,Heating Tertiary,2010,6454,7.112880131374867e-05,2010/09/26 21:00:00
NL13,Heating Tertiary,2010,6455,8.361870154443708e-05,2010/09/26 22:00:00
NL13,Heating Tertiary,2010,6456,9.668360178574573e-05,2010/09/26 23:00:00
NL13,Heating Tertiary,2010,6457,0.00013209600243981262,2010/09/27 00:00:00
NL13,Heating Tertiary,2010,6458,0.00013900400256740335,2010/09/27 01:00:00
NL13,Heating Tertiary,2010,6459,0.0001425660026331935,2010/09/27 02:00:00
NL13,Heating Tertiary,2010,6460,0.00014411500266180353,2010/09/27 03:00:00
NL13,Heating Tertiary,2010,6461,0.0001419760026222962,2010/09/27 04:00:00
NL13,Heating Tertiary,2010,6462,0.00013408200247649405,2010/09/27 05:00:00
NL13,Heating Tertiary,2010,6463,0.00012122000223893295,2010/09/27 06:00:00
NL13,Heating Tertiary,2010,6464,0.00010612100196005447,2010/09/27 07:00:00
NL13,Heating Tertiary,2010,6465,9.240290170668122e-05,2010/09/27 08:00:00
NL13,Heating Tertiary,2010,6466,8.166990150844275e-05,2010/09/27 09:00:00
NL13,Heating Tertiary,2010,6467,7.427820137191808e-05,2010/09/27 10:00:00
NL13,Heating Tertiary,2010,6468,6.872700126938744e-05,2010/09/27 11:00:00
NL13,Heating Tertiary,2010,6469,6.491970119906662e-05,2010/09/27 12:00:00
NL13,Heating Tertiary,2010,6470,6.313550116611245e-05,2010/09/27 13:00:00
NL13,Heating Tertiary,2010,6471,6.313180116604411e-05,2010/09/27 14:00:00
NL13,Heating Tertiary,2010,6472,6.382680117888076e-05,2010/09/27 15:00:00
NL13,Heating Tertiary,2010,6473,6.405140118302913e-05,2010/09/27 16:00:00
NL13,Heating Tertiary,2010,6474,6.434170118839096e-05,2010/09/27 17:00:00
NL13,Heating Tertiary,2010,6475,6.569390121336608e-05,2010/09/27 18:00:00
NL13,Heating Tertiary,2010,6476,6.989040129087543e-05,2010/09/27 19:00:00
NL13,Heating Tertiary,2010,6477,7.834540144703925e-05,2010/09/27 20:00:00
NL13,Heating Tertiary,2010,6478,9.104950168168392e-05,2010/09/27 21:00:00
NL13,Heating Tertiary,2010,6479,0.000106220001961883,2010/09/27 22:00:00
NL13,Heating Tertiary,2010,6480,0.0001207550022303444,2010/09/27 23:00:00
NL13,Heating Tertiary,2010,6481,8.518010157327612e-05,2010/09/28 00:00:00
NL13,Heating Tertiary,2010,6482,8.963470165555256e-05,2010/09/28 01:00:00
NL13,Heating Tertiary,2010,6483,9.19320016979837e-05,2010/09/28 02:00:00
NL13,Heating Tertiary,2010,6484,9.293020171642044e-05,2010/09/28 03:00:00
NL13,Heating Tertiary,2010,6485,9.155140169095402e-05,2010/09/28 04:00:00
NL13,Heating Tertiary,2010,6486,8.646060159692696e-05,2010/09/28 05:00:00
NL13,Heating Tertiary,2010,6487,7.816710144374605e-05,2010/09/28 06:00:00
NL13,Heating Tertiary,2010,6488,6.843050126391107e-05,2010/09/28 07:00:00
NL13,Heating Tertiary,2010,6489,5.9584801100531036e-05,2010/09/28 08:00:00
NL13,Heating Tertiary,2010,6490,5.266390097270204e-05,2010/09/28 09:00:00
NL13,Heating Tertiary,2010,6491,4.7897300884662955e-05,2010/09/28 10:00:00
NL13,Heating Tertiary,2010,6492,4.431740081854221e-05,2010/09/28 11:00:00
NL13,Heating Tertiary,2010,6493,4.186250077320022e-05,2010/09/28 12:00:00
NL13,Heating Tertiary,2010,6494,4.071200075195049e-05,2010/09/28 13:00:00
NL13,Heating Tertiary,2010,6495,4.0709800751909854e-05,2010/09/28 14:00:00
NL13,Heating Tertiary,2010,6496,4.115800076018811e-05,2010/09/28 15:00:00
NL13,Heating Tertiary,2010,6497,4.130280076286256e-05,2010/09/28 16:00:00
NL13,Heating Tertiary,2010,6498,4.148980076631645e-05,2010/09/28 17:00:00
NL13,Heating Tertiary,2010,6499,4.236180078242229e-05,2010/09/28 18:00:00
NL13,Heating Tertiary,2010,6500,4.5067900832403946e-05,2010/09/28 19:00:00
NL13,Heating Tertiary,2010,6501,5.052000093310422e-05,2010/09/28 20:00:00
NL13,Heating Tertiary,2010,6502,5.871220108441412e-05,2010/09/28 21:00:00
NL13,Heating Tertiary,2010,6503,6.849430126508947e-05,2010/09/28 22:00:00
NL13,Heating Tertiary,2010,6504,7.78670014382032e-05,2010/09/28 23:00:00
NL13,Heating Tertiary,2010,6505,0.00010048600185597605,2010/09/29 00:00:00
NL13,Heating Tertiary,2010,6506,0.00010574100195303588,2010/09/29 01:00:00
NL13,Heating Tertiary,2010,6507,0.00010845100200308956,2010/09/29 02:00:00
NL13,Heating Tertiary,2010,6508,0.00010962800202482875,2010/09/29 03:00:00
NL13,Heating Tertiary,2010,6509,0.00010800200199479653,2010/09/29 04:00:00
NL13,Heating Tertiary,2010,6510,0.00010199700188388421,2010/09/29 05:00:00
NL13,Heating Tertiary,2010,6511,9.221230170316083e-05,2010/09/29 06:00:00
NL13,Heating Tertiary,2010,6512,8.07268014910237e-05,2010/09/29 07:00:00
NL13,Heating Tertiary,2010,6513,7.029150129828375e-05,2010/09/29 08:00:00
NL13,Heating Tertiary,2010,6514,6.212670114747991e-05,2010/09/29 09:00:00
NL13,Heating Tertiary,2010,6515,5.650390104362683e-05,2010/09/29 10:00:00
NL13,Heating Tertiary,2010,6516,5.228080096562618e-05,2010/09/29 11:00:00
NL13,Heating Tertiary,2010,6517,4.938470091213523e-05,2010/09/29 12:00:00
NL13,Heating Tertiary,2010,6518,4.80274008870659e-05,2010/09/29 13:00:00
NL13,Heating Tertiary,2010,6519,4.802490088701973e-05,2010/09/29 14:00:00
NL13,Heating Tertiary,2010,6520,4.855360089678481e-05,2010/09/29 15:00:00
NL13,Heating Tertiary,2010,6521,4.872440089993949e-05,2010/09/29 16:00:00
NL13,Heating Tertiary,2010,6522,4.8945000904013965e-05,2010/09/29 17:00:00
NL13,Heating Tertiary,2010,6523,4.99736009230122e-05,2010/09/29 18:00:00
NL13,Heating Tertiary,2010,6524,5.316610098197767e-05,2010/09/29 19:00:00
NL13,Heating Tertiary,2010,6525,5.959790110077299e-05,2010/09/29 20:00:00
NL13,Heating Tertiary,2010,6526,6.926230127927443e-05,2010/09/29 21:00:00
NL13,Heating Tertiary,2010,6527,8.080170149240709e-05,2010/09/29 22:00:00
NL13,Heating Tertiary,2010,6528,9.185890169663355e-05,2010/09/29 23:00:00
NL13,Heating Tertiary,2010,6529,0.0001485110027429976,2010/09/30 00:00:00
NL13,Heating Tertiary,2010,6530,0.00015627700288643566,2010/09/30 01:00:00
NL13,Heating Tertiary,2010,6531,0.00016028200296040794,2010/09/30 02:00:00
NL13,Heating Tertiary,2010,6532,0.0001620230029925642,2010/09/30 03:00:00
NL13,Heating Tertiary,2010,6533,0.00015961900294816233,2010/09/30 04:00:00
NL13,Heating Tertiary,2010,6534,0.00015074300278422264,2010/09/30 05:00:00
NL13,Heating Tertiary,2010,6535,0.0001362830025171465,2010/09/30 06:00:00
NL13,Heating Tertiary,2010,6536,0.00011930800220361833,2010/09/30 07:00:00
NL13,Heating Tertiary,2010,6537,0.00010388500191875557,2010/09/30 08:00:00
NL13,Heating Tertiary,2010,6538,9.181870169589106e-05,2010/09/30 09:00:00
NL13,Heating Tertiary,2010,6539,8.350860154240354e-05,2010/09/30 10:00:00
NL13,Heating Tertiary,2010,6540,7.726730142712675e-05,2010/09/30 11:00:00
NL13,Heating Tertiary,2010,6541,7.298660134806223e-05,2010/09/30 12:00:00
NL13,Heating Tertiary,2010,6542,7.098090131101697e-05,2010/09/30 13:00:00
NL13,Heating Tertiary,2010,6543,7.097720131094862e-05,2010/09/30 14:00:00
NL13,Heating Tertiary,2010,6544,7.175880132538476e-05,2010/09/30 15:00:00
NL13,Heating Tertiary,2010,6545,7.201130133004845e-05,2010/09/30 16:00:00
NL13,Heating Tertiary,2010,6546,7.233680133606042e-05,2010/09/30 17:00:00
NL13,Heating Tertiary,2010,6547,7.38574013641459e-05,2010/09/30 18:00:00
NL13,Heating Tertiary,2010,6548,7.857560145129103e-05,2010/09/30 19:00:00
NL13,Heating Tertiary,2010,6549,8.808140162686313e-05,2010/09/30 20:00:00
NL13,Heating Tertiary,2010,6550,0.0001023640018906627,2010/09/30 21:00:00
NL13,Heating Tertiary,2010,6551,0.00011941900220566849,2010/09/30 22:00:00
NL13,Heating Tertiary,2010,6552,0.00013576100250750517,2010/09/30 23:00:00
NL13,Heating Tertiary,2010,6553,0.00011612400214480984,2010/10/01 00:00:00
NL13,Heating Tertiary,2010,6554,0.00012219700225697813,2010/10/01 01:00:00
NL13,Heating Tertiary,2010,6555,0.0001253280023148077,2010/10/01 02:00:00
NL13,Heating Tertiary,2010,6556,0.00012669000233996383,2010/10/01 03:00:00
NL13,Heating Tertiary,2010,6557,0.00012481000230524025,2010/10/01 04:00:00
NL13,Heating Tertiary,2010,6558,0.00011787100217707693,2010/10/01 05:00:00
NL13,Heating Tertiary,2010,6559,0.00010656400196823668,2010/10/01 06:00:00
NL13,Heating Tertiary,2010,6560,9.328980172306225e-05,2010/10/01 07:00:00
NL13,Heating Tertiary,2010,6561,8.123120150033997e-05,2010/10/01 08:00:00
NL13,Heating Tertiary,2010,6562,7.179590132607001e-05,2010/10/01 09:00:00
NL13,Heating Tertiary,2010,6563,6.529720120603905e-05,2010/10/01 10:00:00
NL13,Heating Tertiary,2010,6564,6.041710111590361e-05,2010/10/01 11:00:00
NL13,Heating Tertiary,2010,6565,5.707040105409007e-05,2010/10/01 12:00:00
NL13,Heating Tertiary,2010,6566,5.550190102511989e-05,2010/10/01 13:00:00
NL13,Heating Tertiary,2010,6567,5.549890102506448e-05,2010/10/01 14:00:00
NL13,Heating Tertiary,2010,6568,5.6109901036349645e-05,2010/10/01 15:00:00
NL13,Heating Tertiary,2010,6569,5.630740103999747e-05,2010/10/01 16:00:00
NL13,Heating Tertiary,2010,6570,5.656230104470547e-05,2010/10/01 17:00:00
NL13,Heating Tertiary,2010,6571,5.775100106666077e-05,2010/10/01 18:00:00
NL13,Heating Tertiary,2010,6572,6.14403011348021e-05,2010/10/01 19:00:00
NL13,Heating Tertiary,2010,6573,6.887300127208406e-05,2010/10/01 20:00:00
NL13,Heating Tertiary,2010,6574,8.004110147835883e-05,2010/10/01 21:00:00
NL13,Heating Tertiary,2010,6575,9.337700172467284e-05,2010/10/01 22:00:00
NL13,Heating Tertiary,2010,6576,0.00010615500196068246,2010/10/01 23:00:00
NL13,Heating Tertiary,2010,6577,8.972320165718717e-05,2010/10/02 00:00:00
NL13,Heating Tertiary,2010,6578,9.412710173852719e-05,2010/10/02 01:00:00
NL13,Heating Tertiary,2010,6579,9.675230178701462e-05,2010/10/02 02:00:00
NL13,Heating Tertiary,2010,6580,9.829390181548796e-05,2010/10/02 03:00:00
NL13,Heating Tertiary,2010,6581,9.724930179619421e-05,2010/10/02 04:00:00
NL13,Heating Tertiary,2010,6582,9.233790170548068e-05,2010/10/02 05:00:00
NL13,Heating Tertiary,2010,6583,8.404580155232561e-05,2010/10/02 06:00:00
NL13,Heating Tertiary,2010,6584,7.407640136819084e-05,2010/10/02 07:00:00
NL13,Heating Tertiary,2010,6585,6.433420118825243e-05,2010/10/02 08:00:00
NL13,Heating Tertiary,2010,6586,5.643850104241888e-05,2010/10/02 09:00:00
NL13,Heating Tertiary,2010,6587,5.080190093831091e-05,2010/10/02 10:00:00
NL13,Heating Tertiary,2010,6588,4.667830086214803e-05,2010/10/02 11:00:00
NL13,Heating Tertiary,2010,6589,4.370000080713884e-05,2010/10/02 12:00:00
NL13,Heating Tertiary,2010,6590,4.229930078126792e-05,2010/10/02 13:00:00
NL13,Heating Tertiary,2010,6591,4.239520078303919e-05,2010/10/02 14:00:00
NL13,Heating Tertiary,2010,6592,4.299880079418768e-05,2010/10/02 15:00:00
NL13,Heating Tertiary,2010,6593,4.3214000798162416e-05,2010/10/02 16:00:00
NL13,Heating Tertiary,2010,6594,4.315610079709301e-05,2010/10/02 17:00:00
NL13,Heating Tertiary,2010,6595,4.356960080473035e-05,2010/10/02 18:00:00
NL13,Heating Tertiary,2010,6596,4.583790084662584e-05,2010/10/02 19:00:00
NL13,Heating Tertiary,2010,6597,5.14936009510866e-05,2010/10/02 20:00:00
NL13,Heating Tertiary,2010,6598,6.052670111792792e-05,2010/10/02 21:00:00
NL13,Heating Tertiary,2010,6599,7.17365013249729e-05,2010/10/02 22:00:00
NL13,Heating Tertiary,2010,6600,8.203010151509564e-05,2010/10/02 23:00:00
NL13,Heating Tertiary,2010,6601,7.435680137336982e-05,2010/10/03 00:00:00
NL13,Heating Tertiary,2010,6602,7.905890146021758e-05,2010/10/03 01:00:00
NL13,Heating Tertiary,2010,6603,8.117610149932228e-05,2010/10/03 02:00:00
NL13,Heating Tertiary,2010,6604,8.203820151524525e-05,2010/10/03 03:00:00
NL13,Heating Tertiary,2010,6605,8.082080149275989e-05,2010/10/03 04:00:00
NL13,Heating Tertiary,2010,6606,7.674620141750203e-05,2010/10/03 05:00:00
NL13,Heating Tertiary,2010,6607,7.003710129358498e-05,2010/10/03 06:00:00
NL13,Heating Tertiary,2010,6608,6.192870114382286e-05,2010/10/03 07:00:00
NL13,Heating Tertiary,2010,6609,5.418420100078197e-05,2010/10/03 08:00:00
NL13,Heating Tertiary,2010,6610,4.813750088909945e-05,2010/10/03 09:00:00
NL13,Heating Tertiary,2010,6611,4.399590081260411e-05,2010/10/03 10:00:00
NL13,Heating Tertiary,2010,6612,4.0831800754163195e-05,2010/10/03 11:00:00
NL13,Heating Tertiary,2010,6613,3.832490070786076e-05,2010/10/03 12:00:00
NL13,Heating Tertiary,2010,6614,3.692680068203786e-05,2010/10/03 13:00:00
NL13,Heating Tertiary,2010,6615,3.628620067020598e-05,2010/10/03 14:00:00
NL13,Heating Tertiary,2010,6616,3.603060066548505e-05,2010/10/03 15:00:00
NL13,Heating Tertiary,2010,6617,3.555860065676721e-05,2010/10/03 16:00:00
NL13,Heating Tertiary,2010,6618,3.535060065292545e-05,2010/10/03 17:00:00
NL13,Heating Tertiary,2010,6619,3.586410066240979e-05,2010/10/03 18:00:00
NL13,Heating Tertiary,2010,6620,3.7930600700578036e-05,2010/10/03 19:00:00
NL13,Heating Tertiary,2010,6621,4.240790078327375e-05,2010/10/03 20:00:00
NL13,Heating Tertiary,2010,6622,4.9225000909185566e-05,2010/10/03 21:00:00
NL13,Heating Tertiary,2010,6623,5.7868601068832824e-05,2010/10/03 22:00:00
NL13,Heating Tertiary,2010,6624,6.691060123583854e-05,2010/10/03 23:00:00
NL13,Heating Tertiary,2010,6625,1.597130029498985e-05,2010/10/04 00:00:00
NL13,Heating Tertiary,2010,6626,1.6806500310415992e-05,2010/10/04 01:00:00
NL13,Heating Tertiary,2010,6627,1.7237200318371023e-05,2010/10/04 02:00:00
NL13,Heating Tertiary,2010,6628,1.7424400321828602e-05,2010/10/04 03:00:00
NL13,Heating Tertiary,2010,6629,1.716590031705411e-05,2010/10/04 04:00:00
NL13,Heating Tertiary,2010,6630,1.62114002994245e-05,2010/10/04 05:00:00
NL13,Heating Tertiary,2010,6631,1.4656300270701807e-05,2010/10/04 06:00:00
NL13,Heating Tertiary,2010,6632,1.2830700236982982e-05,2010/10/04 07:00:00
NL13,Heating Tertiary,2010,6633,1.1172100206348645e-05,2010/10/04 08:00:00
NL13,Heating Tertiary,2010,6634,9.874510182382164e-06,2010/10/04 09:00:00
NL13,Heating Tertiary,2010,6635,8.980740165874231e-06,2010/10/04 10:00:00
NL13,Heating Tertiary,2010,6636,8.309520153476802e-06,2010/10/04 11:00:00
NL13,Heating Tertiary,2010,6637,7.849200144974694e-06,2010/10/04 12:00:00
NL13,Heating Tertiary,2010,6638,7.633530140991271e-06,2010/10/04 13:00:00
NL13,Heating Tertiary,2010,6639,7.633100140983328e-06,2010/10/04 14:00:00
NL13,Heating Tertiary,2010,6640,7.717140142535547e-06,2010/10/04 15:00:00
NL13,Heating Tertiary,2010,6641,7.744310143037377e-06,2010/10/04 16:00:00
NL13,Heating Tertiary,2010,6642,7.779330143684197e-06,2010/10/04 17:00:00
NL13,Heating Tertiary,2010,6643,7.942840146704223e-06,2010/10/04 18:00:00
NL13,Heating Tertiary,2010,6644,8.450250156076086e-06,2010/10/04 19:00:00
NL13,Heating Tertiary,2010,6645,9.472490174956856e-06,2010/10/04 20:00:00
NL13,Heating Tertiary,2010,6646,1.1008500203326954e-05,2010/10/04 21:00:00
NL13,Heating Tertiary,2010,6647,1.2842700237204623e-05,2010/10/04 22:00:00
NL13,Heating Tertiary,2010,6648,1.4600100269663792e-05,2010/10/04 23:00:00
NL13,Heating Tertiary,2010,6649,1.597130029498985e-05,2010/10/05 00:00:00
NL13,Heating Tertiary,2010,6650,1.6806500310415992e-05,2010/10/05 01:00:00
NL13,Heating Tertiary,2010,6651,1.7237200318371023e-05,2010/10/05 02:00:00
NL13,Heating Tertiary,2010,6652,1.7424400321828602e-05,2010/10/05 03:00:00
NL13,Heating Tertiary,2010,6653,1.716590031705411e-05,2010/10/05 04:00:00
NL13,Heating Tertiary,2010,6654,1.62114002994245e-05,2010/10/05 05:00:00
NL13,Heating Tertiary,2010,6655,1.4656300270701807e-05,2010/10/05 06:00:00
NL13,Heating Tertiary,2010,6656,1.2830700236982982e-05,2010/10/05 07:00:00
NL13,Heating Tertiary,2010,6657,1.1172100206348645e-05,2010/10/05 08:00:00
NL13,Heating Tertiary,2010,6658,9.874510182382164e-06,2010/10/05 09:00:00
NL13,Heating Tertiary,2010,6659,8.980740165874231e-06,2010/10/05 10:00:00
NL13,Heating Tertiary,2010,6660,8.309520153476802e-06,2010/10/05 11:00:00
NL13,Heating Tertiary,2010,6661,7.849200144974694e-06,2010/10/05 12:00:00
NL13,Heating Tertiary,2010,6662,7.633530140991271e-06,2010/10/05 13:00:00
NL13,Heating Tertiary,2010,6663,7.633100140983328e-06,2010/10/05 14:00:00
NL13,Heating Tertiary,2010,6664,7.717140142535547e-06,2010/10/05 15:00:00
NL13,Heating Tertiary,2010,6665,7.744310143037377e-06,2010/10/05 16:00:00
NL13,Heating Tertiary,2010,6666,7.779330143684197e-06,2010/10/05 17:00:00
NL13,Heating Tertiary,2010,6667,7.942840146704223e-06,2010/10/05 18:00:00
NL13,Heating Tertiary,2010,6668,8.450250156076086e-06,2010/10/05 19:00:00
NL13,Heating Tertiary,2010,6669,9.472490174956856e-06,2010/10/05 20:00:00
NL13,Heating Tertiary,2010,6670,1.1008500203326954e-05,2010/10/05 21:00:00
NL13,Heating Tertiary,2010,6671,1.2842700237204623e-05,2010/10/05 22:00:00
NL13,Heating Tertiary,2010,6672,1.4600100269663792e-05,2010/10/05 23:00:00
NL13,Heating Tertiary,2010,6673,3.460440063914314e-05,2010/10/06 00:00:00
NL13,Heating Tertiary,2010,6674,3.641400067256645e-05,2010/10/06 01:00:00
NL13,Heating Tertiary,2010,6675,3.734720068980265e-05,2010/10/06 02:00:00
NL13,Heating Tertiary,2010,6676,3.775290069729592e-05,2010/10/06 03:00:00
NL13,Heating Tertiary,2010,6677,3.719280068695088e-05,2010/10/06 04:00:00
NL13,Heating Tertiary,2010,6678,3.512470064875308e-05,2010/10/06 05:00:00
NL13,Heating Tertiary,2010,6679,3.175530058652027e-05,2010/10/06 06:00:00
NL13,Heating Tertiary,2010,6680,2.7799800513462202e-05,2010/10/06 07:00:00
NL13,Heating Tertiary,2010,6681,2.420630044709027e-05,2010/10/06 08:00:00
NL13,Heating Tertiary,2010,6682,2.139470039516003e-05,2010/10/06 09:00:00
NL13,Heating Tertiary,2010,6683,1.945830035939473e-05,2010/10/06 10:00:00
NL13,Heating Tertiary,2010,6684,1.8003900332531968e-05,2010/10/06 11:00:00
NL13,Heating Tertiary,2010,6685,1.700660031411184e-05,2010/10/06 12:00:00
NL13,Heating Tertiary,2010,6686,1.653930030548081e-05,2010/10/06 13:00:00
NL13,Heating Tertiary,2010,6687,1.6538300305462338e-05,2010/10/06 14:00:00
NL13,Heating Tertiary,2010,6688,1.6720500308827572e-05,2010/10/06 15:00:00
NL13,Heating Tertiary,2010,6689,1.6779300309913608e-05,2010/10/06 16:00:00
NL13,Heating Tertiary,2010,6690,1.685530031131733e-05,2010/10/06 17:00:00
NL13,Heating Tertiary,2010,6691,1.720940031785755e-05,2010/10/06 18:00:00
NL13,Heating Tertiary,2010,6692,1.830880033816347e-05,2010/10/06 19:00:00
NL13,Heating Tertiary,2010,6693,2.052380037907451e-05,2010/10/06 20:00:00
NL13,Heating Tertiary,2010,6694,2.3851800440542657e-05,2010/10/06 21:00:00
NL13,Heating Tertiary,2010,6695,2.7825800513942425e-05,2010/10/06 22:00:00
NL13,Heating Tertiary,2010,6696,3.163350058427063e-05,2010/10/06 23:00:00
NL13,Heating Tertiary,2010,6697,1.597130029498985e-05,2010/10/07 00:00:00
NL13,Heating Tertiary,2010,6698,1.6806500310415992e-05,2010/10/07 01:00:00
NL13,Heating Tertiary,2010,6699,1.7237200318371023e-05,2010/10/07 02:00:00
NL13,Heating Tertiary,2010,6700,1.7424400321828602e-05,2010/10/07 03:00:00
NL13,Heating Tertiary,2010,6701,1.716590031705411e-05,2010/10/07 04:00:00
NL13,Heating Tertiary,2010,6702,1.62114002994245e-05,2010/10/07 05:00:00
NL13,Heating Tertiary,2010,6703,1.4656300270701807e-05,2010/10/07 06:00:00
NL13,Heating Tertiary,2010,6704,1.2830700236982982e-05,2010/10/07 07:00:00
NL13,Heating Tertiary,2010,6705,1.1172100206348645e-05,2010/10/07 08:00:00
NL13,Heating Tertiary,2010,6706,9.874510182382164e-06,2010/10/07 09:00:00
NL13,Heating Tertiary,2010,6707,8.980740165874231e-06,2010/10/07 10:00:00
NL13,Heating Tertiary,2010,6708,8.309520153476802e-06,2010/10/07 11:00:00
NL13,Heating Tertiary,2010,6709,7.849200144974694e-06,2010/10/07 12:00:00
NL13,Heating Tertiary,2010,6710,7.633530140991271e-06,2010/10/07 13:00:00
NL13,Heating Tertiary,2010,6711,7.633100140983328e-06,2010/10/07 14:00:00
NL13,Heating Tertiary,2010,6712,7.717140142535547e-06,2010/10/07 15:00:00
NL13,Heating Tertiary,2010,6713,7.744310143037377e-06,2010/10/07 16:00:00
NL13,Heating Tertiary,2010,6714,7.779330143684197e-06,2010/10/07 17:00:00
NL13,Heating Tertiary,2010,6715,7.942840146704223e-06,2010/10/07 18:00:00
NL13,Heating Tertiary,2010,6716,8.450250156076086e-06,2010/10/07 19:00:00
NL13,Heating Tertiary,2010,6717,9.472490174956856e-06,2010/10/07 20:00:00
NL13,Heating Tertiary,2010,6718,1.1008500203326954e-05,2010/10/07 21:00:00
NL13,Heating Tertiary,2010,6719,1.2842700237204623e-05,2010/10/07 22:00:00
NL13,Heating Tertiary,2010,6720,1.4600100269663792e-05,2010/10/07 23:00:00
NL13,Heating Tertiary,2010,6721,5.4568501007879995e-05,2010/10/08 00:00:00
NL13,Heating Tertiary,2010,6722,5.742210106058597e-05,2010/10/08 01:00:00
NL13,Heating Tertiary,2010,6723,5.889370108776642e-05,2010/10/08 02:00:00
NL13,Heating Tertiary,2010,6724,5.953350109958352e-05,2010/10/08 03:00:00
NL13,Heating Tertiary,2010,6725,5.865010108326713e-05,2010/10/08 04:00:00
NL13,Heating Tertiary,2010,6726,5.5389001023034624e-05,2010/10/08 05:00:00
NL13,Heating Tertiary,2010,6727,5.007570092489799e-05,2010/10/08 06:00:00
NL13,Heating Tertiary,2010,6728,4.383830080969323e-05,2010/10/08 07:00:00
NL13,Heating Tertiary,2010,6729,3.8171500705027466e-05,2010/10/08 08:00:00
NL13,Heating Tertiary,2010,6730,3.373780062313704e-05,2010/10/08 09:00:00
NL13,Heating Tertiary,2010,6731,3.068420056673706e-05,2010/10/08 10:00:00
NL13,Heating Tertiary,2010,6732,2.8390900524379815e-05,2010/10/08 11:00:00
NL13,Heating Tertiary,2010,6733,2.6818200495332054e-05,2010/10/08 12:00:00
NL13,Heating Tertiary,2010,6734,2.608110048171782e-05,2010/10/08 13:00:00
NL13,Heating Tertiary,2010,6735,2.607970048169196e-05,2010/10/08 14:00:00
NL13,Heating Tertiary,2010,6736,2.6366900486996545e-05,2010/10/08 15:00:00
NL13,Heating Tertiary,2010,6737,2.6459600488708713e-05,2010/10/08 16:00:00
NL13,Heating Tertiary,2010,6738,2.657940049092142e-05,2010/10/08 17:00:00
NL13,Heating Tertiary,2010,6739,2.713800050123876e-05,2010/10/08 18:00:00
NL13,Heating Tertiary,2010,6740,2.8871700533260193e-05,2010/10/08 19:00:00
NL13,Heating Tertiary,2010,6741,3.236440059777035e-05,2010/10/08 20:00:00
NL13,Heating Tertiary,2010,6742,3.761250069470273e-05,2010/10/08 21:00:00
NL13,Heating Tertiary,2010,6743,4.387920081044866e-05,2010/10/08 22:00:00
NL13,Heating Tertiary,2010,6744,4.988370092135175e-05,2010/10/08 23:00:00
NL13,Heating Tertiary,2010,6745,5.747880106163322e-05,2010/10/09 00:00:00
NL13,Heating Tertiary,2010,6746,6.030030111374632e-05,2010/10/09 01:00:00
NL13,Heating Tertiary,2010,6747,6.198190114480547e-05,2010/10/09 02:00:00
NL13,Heating Tertiary,2010,6748,6.296960116304828e-05,2010/10/09 03:00:00
NL13,Heating Tertiary,2010,6749,6.230000115068077e-05,2010/10/09 04:00:00
NL13,Heating Tertiary,2010,6750,5.915400109257416e-05,2010/10/09 05:00:00
NL13,Heating Tertiary,2010,6751,5.384190099445969e-05,2010/10/09 06:00:00
NL13,Heating Tertiary,2010,6752,4.745530087649922e-05,2010/10/09 07:00:00
NL13,Heating Tertiary,2010,6753,4.121400076122243e-05,2010/10/09 08:00:00
NL13,Heating Tertiary,2010,6754,3.615590066779934e-05,2010/10/09 09:00:00
NL13,Heating Tertiary,2010,6755,3.254490060110418e-05,2010/10/09 10:00:00
NL13,Heating Tertiary,2010,6756,2.9903200552311992e-05,2010/10/09 11:00:00
NL13,Heating Tertiary,2010,6757,2.7995300517073088e-05,2010/10/09 12:00:00
NL13,Heating Tertiary,2010,6758,2.7098000500499968e-05,2010/10/09 13:00:00
NL13,Heating Tertiary,2010,6759,2.715940050163402e-05,2010/10/09 14:00:00
NL13,Heating Tertiary,2010,6760,2.7546000508774518e-05,2010/10/09 15:00:00
NL13,Heating Tertiary,2010,6761,2.768400051132338e-05,2010/10/09 16:00:00
NL13,Heating Tertiary,2010,6762,2.764690051063814e-05,2010/10/09 17:00:00
NL13,Heating Tertiary,2010,6763,2.791180051553084e-05,2010/10/09 18:00:00
NL13,Heating Tertiary,2010,6764,2.9364900542369593e-05,2010/10/09 19:00:00
NL13,Heating Tertiary,2010,6765,3.298810060929009e-05,2010/10/09 20:00:00
NL13,Heating Tertiary,2010,6766,3.877490071617226e-05,2010/10/09 21:00:00
NL13,Heating Tertiary,2010,6767,4.595620084881085e-05,2010/10/09 22:00:00
NL13,Heating Tertiary,2010,6768,5.255060097060939e-05,2010/10/09 23:00:00
NL13,Heating Tertiary,2010,6769,9.107790168220847e-05,2010/10/10 00:00:00
NL13,Heating Tertiary,2010,6770,9.683830178860304e-05,2010/10/10 01:00:00
NL13,Heating Tertiary,2010,6771,9.943140183649758e-05,2010/10/10 02:00:00
NL13,Heating Tertiary,2010,6772,0.00010048700185599451,2010/10/10 03:00:00
NL13,Heating Tertiary,2010,6773,9.899570182845021e-05,2010/10/10 04:00:00
NL13,Heating Tertiary,2010,6774,9.40052017362757e-05,2010/10/10 05:00:00
NL13,Heating Tertiary,2010,6775,8.578720158448926e-05,2010/10/10 06:00:00
NL13,Heating Tertiary,2010,6776,7.585570140105449e-05,2010/10/10 07:00:00
NL13,Heating Tertiary,2010,6777,6.636910122583704e-05,2010/10/10 08:00:00
NL13,Heating Tertiary,2010,6778,5.8962601089039005e-05,2010/10/10 09:00:00
NL13,Heating Tertiary,2010,6779,5.3889800995344405e-05,2010/10/10 10:00:00
NL13,Heating Tertiary,2010,6780,5.001410092376024e-05,2010/10/10 11:00:00
NL13,Heating Tertiary,2010,6781,4.694340086704442e-05,2010/10/10 12:00:00
NL13,Heating Tertiary,2010,6782,4.523080083541271e-05,2010/10/10 13:00:00
NL13,Heating Tertiary,2010,6783,4.4446300820922996e-05,2010/10/10 14:00:00
NL13,Heating Tertiary,2010,6784,4.413320081514004e-05,2010/10/10 15:00:00
NL13,Heating Tertiary,2010,6785,4.355500080446069e-05,2010/10/10 16:00:00
NL13,Heating Tertiary,2010,6786,4.330020079975453e-05,2010/10/10 17:00:00
NL13,Heating Tertiary,2010,6787,4.392920081137216e-05,2010/10/10 18:00:00
NL13,Heating Tertiary,2010,6788,4.6460500858125264e-05,2010/10/10 19:00:00
NL13,Heating Tertiary,2010,6789,5.1944700959418415e-05,2010/10/10 20:00:00
NL13,Heating Tertiary,2010,6790,6.029480111364474e-05,2010/10/10 21:00:00
NL13,Heating Tertiary,2010,6791,7.08825013091995e-05,2010/10/10 22:00:00
NL13,Heating Tertiary,2010,6792,8.195710151374733e-05,2010/10/10 23:00:00
NL13,Heating Tertiary,2010,6793,0.00013209600243981262,2010/10/11 00:00:00
NL13,Heating Tertiary,2010,6794,0.00013900400256740335,2010/10/11 01:00:00
NL13,Heating Tertiary,2010,6795,0.0001425660026331935,2010/10/11 02:00:00
NL13,Heating Tertiary,2010,6796,0.00014411500266180353,2010/10/11 03:00:00
NL13,Heating Tertiary,2010,6797,0.0001419760026222962,2010/10/11 04:00:00
NL13,Heating Tertiary,2010,6798,0.00013408200247649405,2010/10/11 05:00:00
NL13,Heating Tertiary,2010,6799,0.00012122000223893295,2010/10/11 06:00:00
NL13,Heating Tertiary,2010,6800,0.00010612100196005447,2010/10/11 07:00:00
NL13,Heating Tertiary,2010,6801,9.240290170668122e-05,2010/10/11 08:00:00
NL13,Heating Tertiary,2010,6802,8.166990150844275e-05,2010/10/11 09:00:00
NL13,Heating Tertiary,2010,6803,7.427820137191808e-05,2010/10/11 10:00:00
NL13,Heating Tertiary,2010,6804,6.872700126938744e-05,2010/10/11 11:00:00
NL13,Heating Tertiary,2010,6805,6.491970119906662e-05,2010/10/11 12:00:00
NL13,Heating Tertiary,2010,6806,6.313550116611245e-05,2010/10/11 13:00:00
NL13,Heating Tertiary,2010,6807,6.313180116604411e-05,2010/10/11 14:00:00
NL13,Heating Tertiary,2010,6808,6.382680117888076e-05,2010/10/11 15:00:00
NL13,Heating Tertiary,2010,6809,6.405140118302913e-05,2010/10/11 16:00:00
NL13,Heating Tertiary,2010,6810,6.434170118839096e-05,2010/10/11 17:00:00
NL13,Heating Tertiary,2010,6811,6.569390121336608e-05,2010/10/11 18:00:00
NL13,Heating Tertiary,2010,6812,6.989040129087543e-05,2010/10/11 19:00:00
NL13,Heating Tertiary,2010,6813,7.834540144703925e-05,2010/10/11 20:00:00
NL13,Heating Tertiary,2010,6814,9.104950168168392e-05,2010/10/11 21:00:00
NL13,Heating Tertiary,2010,6815,0.000106220001961883,2010/10/11 22:00:00
NL13,Heating Tertiary,2010,6816,0.0001207550022303444,2010/10/11 23:00:00
NL13,Heating Tertiary,2010,6817,0.0001485110027429976,2010/10/12 00:00:00
NL13,Heating Tertiary,2010,6818,0.00015627700288643566,2010/10/12 01:00:00
NL13,Heating Tertiary,2010,6819,0.00016028200296040794,2010/10/12 02:00:00
NL13,Heating Tertiary,2010,6820,0.0001620230029925642,2010/10/12 03:00:00
NL13,Heating Tertiary,2010,6821,0.00015961900294816233,2010/10/12 04:00:00
NL13,Heating Tertiary,2010,6822,0.00015074300278422264,2010/10/12 05:00:00
NL13,Heating Tertiary,2010,6823,0.0001362830025171465,2010/10/12 06:00:00
NL13,Heating Tertiary,2010,6824,0.00011930800220361833,2010/10/12 07:00:00
NL13,Heating Tertiary,2010,6825,0.00010388500191875557,2010/10/12 08:00:00
NL13,Heating Tertiary,2010,6826,9.181870169589106e-05,2010/10/12 09:00:00
NL13,Heating Tertiary,2010,6827,8.350860154240354e-05,2010/10/12 10:00:00
NL13,Heating Tertiary,2010,6828,7.726730142712675e-05,2010/10/12 11:00:00
NL13,Heating Tertiary,2010,6829,7.298660134806223e-05,2010/10/12 12:00:00
NL13,Heating Tertiary,2010,6830,7.098090131101697e-05,2010/10/12 13:00:00
NL13,Heating Tertiary,2010,6831,7.097720131094862e-05,2010/10/12 14:00:00
NL13,Heating Tertiary,2010,6832,7.175880132538476e-05,2010/10/12 15:00:00
NL13,Heating Tertiary,2010,6833,7.201130133004845e-05,2010/10/12 16:00:00
NL13,Heating Tertiary,2010,6834,7.233680133606042e-05,2010/10/12 17:00:00
NL13,Heating Tertiary,2010,6835,7.38574013641459e-05,2010/10/12 18:00:00
NL13,Heating Tertiary,2010,6836,7.857560145129103e-05,2010/10/12 19:00:00
NL13,Heating Tertiary,2010,6837,8.808140162686313e-05,2010/10/12 20:00:00
NL13,Heating Tertiary,2010,6838,0.0001023640018906627,2010/10/12 21:00:00
NL13,Heating Tertiary,2010,6839,0.00011941900220566849,2010/10/12 22:00:00
NL13,Heating Tertiary,2010,6840,0.00013576100250750517,2010/10/12 23:00:00
NL13,Heating Tertiary,2010,6841,0.00016326200301544852,2010/10/13 00:00:00
NL13,Heating Tertiary,2010,6842,0.00017180000317314537,2010/10/13 01:00:00
NL13,Heating Tertiary,2010,6843,0.0001762020032544503,2010/10/13 02:00:00
NL13,Heating Tertiary,2010,6844,0.00017811700328982036,2010/10/13 03:00:00
NL13,Heating Tertiary,2010,6845,0.00017547300324098562,2010/10/13 04:00:00
NL13,Heating Tertiary,2010,6846,0.00016571600306077385,2010/10/13 05:00:00
NL13,Heating Tertiary,2010,6847,0.00014982000276717483,2010/10/13 06:00:00
NL13,Heating Tertiary,2010,6848,0.00013115800242248775,2010/10/13 07:00:00
NL13,Heating Tertiary,2010,6849,0.00011420400210934745,2010/10/13 08:00:00
NL13,Heating Tertiary,2010,6850,0.00010093900186434295,2010/10/13 09:00:00
NL13,Heating Tertiary,2010,6851,9.180320169560477e-05,2010/10/13 10:00:00
NL13,Heating Tertiary,2010,6852,8.494190156887659e-05,2010/10/13 11:00:00
NL13,Heating Tertiary,2010,6853,8.02366014819697e-05,2010/10/13 12:00:00
NL13,Heating Tertiary,2010,6854,7.803160144124337e-05,2010/10/13 13:00:00
NL13,Heating Tertiary,2010,6855,7.802730144116393e-05,2010/10/13 14:00:00
NL13,Heating Tertiary,2010,6856,7.888630145702967e-05,2010/10/13 15:00:00
NL13,Heating Tertiary,2010,6857,7.916350146214954e-05,2010/10/13 16:00:00
NL13,Heating Tertiary,2010,6858,7.952250146878027e-05,2010/10/13 17:00:00
NL13,Heating Tertiary,2010,6859,8.11934014996418e-05,2010/10/13 18:00:00
NL13,Heating Tertiary,2010,6860,8.638010159544012e-05,2010/10/13 19:00:00
NL13,Heating Tertiary,2010,6861,9.683030178845528e-05,2010/10/13 20:00:00
NL13,Heating Tertiary,2010,6862,0.00011253200207846561,2010/10/13 21:00:00
NL13,Heating Tertiary,2010,6863,0.00013128100242475958,2010/10/13 22:00:00
NL13,Heating Tertiary,2010,6864,0.00014924500275655459,2010/10/13 23:00:00
NL13,Heating Tertiary,2010,6865,0.00013209600243981262,2010/10/14 00:00:00
NL13,Heating Tertiary,2010,6866,0.00013900400256740335,2010/10/14 01:00:00
NL13,Heating Tertiary,2010,6867,0.0001425660026331935,2010/10/14 02:00:00
NL13,Heating Tertiary,2010,6868,0.00014411500266180353,2010/10/14 03:00:00
NL13,Heating Tertiary,2010,6869,0.0001419760026222962,2010/10/14 04:00:00
NL13,Heating Tertiary,2010,6870,0.00013408200247649405,2010/10/14 05:00:00
NL13,Heating Tertiary,2010,6871,0.00012122000223893295,2010/10/14 06:00:00
NL13,Heating Tertiary,2010,6872,0.00010612100196005447,2010/10/14 07:00:00
NL13,Heating Tertiary,2010,6873,9.240290170668122e-05,2010/10/14 08:00:00
NL13,Heating Tertiary,2010,6874,8.166990150844275e-05,2010/10/14 09:00:00
NL13,Heating Tertiary,2010,6875,7.427820137191808e-05,2010/10/14 10:00:00
NL13,Heating Tertiary,2010,6876,6.872700126938744e-05,2010/10/14 11:00:00
NL13,Heating Tertiary,2010,6877,6.491970119906662e-05,2010/10/14 12:00:00
NL13,Heating Tertiary,2010,6878,6.313550116611245e-05,2010/10/14 13:00:00
NL13,Heating Tertiary,2010,6879,6.313180116604411e-05,2010/10/14 14:00:00
NL13,Heating Tertiary,2010,6880,6.382680117888076e-05,2010/10/14 15:00:00
NL13,Heating Tertiary,2010,6881,6.405140118302913e-05,2010/10/14 16:00:00
NL13,Heating Tertiary,2010,6882,6.434170118839096e-05,2010/10/14 17:00:00
NL13,Heating Tertiary,2010,6883,6.569390121336608e-05,2010/10/14 18:00:00
NL13,Heating Tertiary,2010,6884,6.989040129087543e-05,2010/10/14 19:00:00
NL13,Heating Tertiary,2010,6885,7.834540144703925e-05,2010/10/14 20:00:00
NL13,Heating Tertiary,2010,6886,9.104950168168392e-05,2010/10/14 21:00:00
NL13,Heating Tertiary,2010,6887,0.000106220001961883,2010/10/14 22:00:00
NL13,Heating Tertiary,2010,6888,0.0001207550022303444,2010/10/14 23:00:00
NL13,Heating Tertiary,2010,6889,0.00011612400214480984,2010/10/15 00:00:00
NL13,Heating Tertiary,2010,6890,0.00012219700225697813,2010/10/15 01:00:00
NL13,Heating Tertiary,2010,6891,0.0001253280023148077,2010/10/15 02:00:00
NL13,Heating Tertiary,2010,6892,0.00012669000233996383,2010/10/15 03:00:00
NL13,Heating Tertiary,2010,6893,0.00012481000230524025,2010/10/15 04:00:00
NL13,Heating Tertiary,2010,6894,0.00011787100217707693,2010/10/15 05:00:00
NL13,Heating Tertiary,2010,6895,0.00010656400196823668,2010/10/15 06:00:00
NL13,Heating Tertiary,2010,6896,9.328980172306225e-05,2010/10/15 07:00:00
NL13,Heating Tertiary,2010,6897,8.123120150033997e-05,2010/10/15 08:00:00
NL13,Heating Tertiary,2010,6898,7.179590132607001e-05,2010/10/15 09:00:00
NL13,Heating Tertiary,2010,6899,6.529720120603905e-05,2010/10/15 10:00:00
NL13,Heating Tertiary,2010,6900,6.041710111590361e-05,2010/10/15 11:00:00
NL13,Heating Tertiary,2010,6901,5.707040105409007e-05,2010/10/15 12:00:00
NL13,Heating Tertiary,2010,6902,5.550190102511989e-05,2010/10/15 13:00:00
NL13,Heating Tertiary,2010,6903,5.549890102506448e-05,2010/10/15 14:00:00
NL13,Heating Tertiary,2010,6904,5.6109901036349645e-05,2010/10/15 15:00:00
NL13,Heating Tertiary,2010,6905,5.630740103999747e-05,2010/10/15 16:00:00
NL13,Heating Tertiary,2010,6906,5.656230104470547e-05,2010/10/15 17:00:00
NL13,Heating Tertiary,2010,6907,5.775100106666077e-05,2010/10/15 18:00:00
NL13,Heating Tertiary,2010,6908,6.14403011348021e-05,2010/10/15 19:00:00
NL13,Heating Tertiary,2010,6909,6.887300127208406e-05,2010/10/15 20:00:00
NL13,Heating Tertiary,2010,6910,8.004110147835883e-05,2010/10/15 21:00:00
NL13,Heating Tertiary,2010,6911,9.337700172467284e-05,2010/10/15 22:00:00
NL13,Heating Tertiary,2010,6912,0.00010615500196068246,2010/10/15 23:00:00
NL13,Heating Tertiary,2010,6913,0.000122318002259213,2010/10/16 00:00:00
NL13,Heating Tertiary,2010,6914,0.00012832200237010687,2010/10/16 01:00:00
NL13,Heating Tertiary,2010,6915,0.0001319000024361925,2010/10/16 02:00:00
NL13,Heating Tertiary,2010,6916,0.00013400200247501646,2010/10/16 03:00:00
NL13,Heating Tertiary,2010,6917,0.00013257800244871517,2010/10/16 04:00:00
NL13,Heating Tertiary,2010,6918,0.00012588200232504007,2010/10/16 05:00:00
NL13,Heating Tertiary,2010,6919,0.00011457800211625524,2010/10/16 06:00:00
NL13,Heating Tertiary,2010,6920,0.00010098700186522952,2010/10/16 07:00:00
NL13,Heating Tertiary,2010,6921,8.770510161991287e-05,2010/10/16 08:00:00
NL13,Heating Tertiary,2010,6922,7.694180142111475e-05,2010/10/16 09:00:00
NL13,Heating Tertiary,2010,6923,6.925730127918207e-05,2010/10/16 10:00:00
NL13,Heating Tertiary,2010,6924,6.363550117534745e-05,2010/10/16 11:00:00
NL13,Heating Tertiary,2010,6925,5.957540110035742e-05,2010/10/16 12:00:00
NL13,Heating Tertiary,2010,6926,5.766580106508711e-05,2010/10/16 13:00:00
NL13,Heating Tertiary,2010,6927,5.7796501067501144e-05,2010/10/16 14:00:00
NL13,Heating Tertiary,2010,6928,5.86194010827001e-05,2010/10/16 15:00:00
NL13,Heating Tertiary,2010,6929,5.8912801088119194e-05,2010/10/16 16:00:00
NL13,Heating Tertiary,2010,6930,5.8834001086663765e-05,2010/10/16 17:00:00
NL13,Heating Tertiary,2010,6931,5.93977010970753e-05,2010/10/16 18:00:00
NL13,Heating Tertiary,2010,6932,6.249000115419007e-05,2010/10/16 19:00:00
NL13,Heating Tertiary,2010,6933,7.020050129660298e-05,2010/10/16 20:00:00
NL13,Heating Tertiary,2010,6934,8.25147015240462e-05,2010/10/16 21:00:00
NL13,Heating Tertiary,2010,6935,9.779700180631023e-05,2010/10/16 22:00:00
NL13,Heating Tertiary,2010,6936,0.00011183000206549969,2010/10/16 23:00:00
NL13,Heating Tertiary,2010,6937,0.00017456700322425185,2010/10/17 00:00:00
NL13,Heating Tertiary,2010,6938,0.00018560600342814213,2010/10/17 01:00:00
NL13,Heating Tertiary,2010,6939,0.00019057700351995648,2010/10/17 02:00:00
NL13,Heating Tertiary,2010,6940,0.0001925990035573028,2010/10/17 03:00:00
NL13,Heating Tertiary,2010,6941,0.00018974200350453403,2010/10/17 04:00:00
NL13,Heating Tertiary,2010,6942,0.00018017600332785003,2010/10/17 05:00:00
NL13,Heating Tertiary,2010,6943,0.0001644260030369476,2010/10/17 06:00:00
NL13,Heating Tertiary,2010,6944,0.00014539000268535274,2010/10/17 07:00:00
NL13,Heating Tertiary,2010,6945,0.0001272070023495128,2010/10/17 08:00:00
NL13,Heating Tertiary,2010,6946,0.00011301200208733122,2010/10/17 09:00:00
NL13,Heating Tertiary,2010,6947,0.00010328900190774744,2010/10/17 10:00:00
NL13,Heating Tertiary,2010,6948,9.586050177054308e-05,2010/10/17 11:00:00
NL13,Heating Tertiary,2010,6949,8.997510166183976e-05,2010/10/17 12:00:00
NL13,Heating Tertiary,2010,6950,8.669260160121199e-05,2010/10/17 13:00:00
NL13,Heating Tertiary,2010,6951,8.518880157343682e-05,2010/10/17 14:00:00
NL13,Heating Tertiary,2010,6952,8.458850156234928e-05,2010/10/17 15:00:00
NL13,Heating Tertiary,2010,6953,8.348010154187713e-05,2010/10/17 16:00:00
NL13,Heating Tertiary,2010,6954,8.299180153285824e-05,2010/10/17 17:00:00
NL13,Heating Tertiary,2010,6955,8.419800155513674e-05,2010/10/17 18:00:00
NL13,Heating Tertiary,2010,6956,8.904930164474024e-05,2010/10/17 19:00:00
NL13,Heating Tertiary,2010,6957,9.956070183888576e-05,2010/10/17 20:00:00
NL13,Heating Tertiary,2010,6958,0.00011556500213448512,2010/10/17 21:00:00
NL13,Heating Tertiary,2010,6959,0.0001358570025092783,2010/10/17 22:00:00
NL13,Heating Tertiary,2010,6960,0.00015708400290134089,2010/10/17 23:00:00
NL13,Heating Tertiary,2010,6961,0.00019453900359313458,2010/10/18 00:00:00
NL13,Heating Tertiary,2010,6962,0.00020471200378102987,2010/10/18 01:00:00
NL13,Heating Tertiary,2010,6963,0.00020995800387792348,2010/10/18 02:00:00
NL13,Heating Tertiary,2010,6964,0.00021223900392005354,2010/10/18 03:00:00
NL13,Heating Tertiary,2010,6965,0.0002090900038618915,2010/10/18 04:00:00
NL13,Heating Tertiary,2010,6966,0.00019746400364715938,2010/10/18 05:00:00
NL13,Heating Tertiary,2010,6967,0.00017852200329730072,2010/10/18 06:00:00
NL13,Heating Tertiary,2010,6968,0.00015628500288658337,2010/10/18 07:00:00
NL13,Heating Tertiary,2010,6969,0.0001360830025134525,2010/10/18 08:00:00
NL13,Heating Tertiary,2010,6970,0.00012027700222151574,2010/10/18 09:00:00
NL13,Heating Tertiary,2010,6971,0.00010939000202043289,2010/10/18 10:00:00
NL13,Heating Tertiary,2010,6972,0.0001012140018694222,2010/10/18 11:00:00
NL13,Heating Tertiary,2010,6973,9.56080017658794e-05,2010/10/18 12:00:00
NL13,Heating Tertiary,2010,6974,9.298030171734579e-05,2010/10/18 13:00:00
NL13,Heating Tertiary,2010,6975,9.297540171725528e-05,2010/10/18 14:00:00
NL13,Heating Tertiary,2010,6976,9.399900173616117e-05,2010/10/18 15:00:00
NL13,Heating Tertiary,2010,6977,9.43295017422655e-05,2010/10/18 16:00:00
NL13,Heating Tertiary,2010,6978,9.475650175015221e-05,2010/10/18 17:00:00
NL13,Heating Tertiary,2010,6979,9.67480017869352e-05,2010/10/18 18:00:00
NL13,Heating Tertiary,2010,6980,0.00010292900190109825,2010/10/18 19:00:00
NL13,Heating Tertiary,2010,6981,0.00011538000213106816,2010/10/18 20:00:00
NL13,Heating Tertiary,2010,6982,0.00013409000247664182,2010/10/18 21:00:00
NL13,Heating Tertiary,2010,6983,0.00015643100288928,2010/10/18 22:00:00
NL13,Heating Tertiary,2010,6984,0.00017783700328464878,2010/10/18 23:00:00
NL13,Heating Tertiary,2010,6985,0.0001787890033022322,2010/10/19 00:00:00
NL13,Heating Tertiary,2010,6986,0.00018813900347492663,2010/10/19 01:00:00
NL13,Heating Tertiary,2010,6987,0.00019296100356398896,2010/10/19 02:00:00
NL13,Heating Tertiary,2010,6988,0.00019505700360270204,2010/10/19 03:00:00
NL13,Heating Tertiary,2010,6989,0.00019216200354923142,2010/10/19 04:00:00
NL13,Heating Tertiary,2010,6990,0.000181478003351898,2010/10/19 05:00:00
NL13,Heating Tertiary,2010,6991,0.00016406900303035386,2010/10/19 06:00:00
NL13,Heating Tertiary,2010,6992,0.00014363300265290093,2010/10/19 07:00:00
NL13,Heating Tertiary,2010,6993,0.00012506600230996855,2010/10/19 08:00:00
NL13,Heating Tertiary,2010,6994,0.00011053900204165492,2010/10/19 09:00:00
NL13,Heating Tertiary,2010,6995,0.00010053400185686261,2010/10/19 10:00:00
NL13,Heating Tertiary,2010,6996,9.302060171809014e-05,2010/10/19 11:00:00
NL13,Heating Tertiary,2010,6997,8.786790162291979e-05,2010/10/19 12:00:00
NL13,Heating Tertiary,2010,6998,8.545310157831844e-05,2010/10/19 13:00:00
NL13,Heating Tertiary,2010,6999,8.544810157822608e-05,2010/10/19 14:00:00
NL13,Heating Tertiary,2010,7000,8.638880159560082e-05,2010/10/19 15:00:00
NL13,Heating Tertiary,2010,7001,8.669260160121199e-05,2010/10/19 16:00:00
NL13,Heating Tertiary,2010,7002,8.70856016084707e-05,2010/10/19 17:00:00
NL13,Heating Tertiary,2010,7003,8.89156016422708e-05,2010/10/19 18:00:00
NL13,Heating Tertiary,2010,7004,9.459560174718039e-05,2010/10/19 19:00:00
NL13,Heating Tertiary,2010,7005,0.0001060400019585584,2010/10/19 20:00:00
NL13,Heating Tertiary,2010,7006,0.00012323400227613152,2010/10/19 21:00:00
NL13,Heating Tertiary,2010,7007,0.00014376700265537594,2010/10/19 22:00:00
NL13,Heating Tertiary,2010,7008,0.0001634400030187362,2010/10/19 23:00:00
NL13,Heating Tertiary,2010,7009,0.00013209600243981262,2010/10/20 00:00:00
NL13,Heating Tertiary,2010,7010,0.00013900400256740335,2010/10/20 01:00:00
NL13,Heating Tertiary,2010,7011,0.0001425660026331935,2010/10/20 02:00:00
NL13,Heating Tertiary,2010,7012,0.00014411500266180353,2010/10/20 03:00:00
NL13,Heating Tertiary,2010,7013,0.0001419760026222962,2010/10/20 04:00:00
NL13,Heating Tertiary,2010,7014,0.00013408200247649405,2010/10/20 05:00:00
NL13,Heating Tertiary,2010,7015,0.00012122000223893295,2010/10/20 06:00:00
NL13,Heating Tertiary,2010,7016,0.00010612100196005447,2010/10/20 07:00:00
NL13,Heating Tertiary,2010,7017,9.240290170668122e-05,2010/10/20 08:00:00
NL13,Heating Tertiary,2010,7018,8.166990150844275e-05,2010/10/20 09:00:00
NL13,Heating Tertiary,2010,7019,7.427820137191808e-05,2010/10/20 10:00:00
NL13,Heating Tertiary,2010,7020,6.872700126938744e-05,2010/10/20 11:00:00
NL13,Heating Tertiary,2010,7021,6.491970119906662e-05,2010/10/20 12:00:00
NL13,Heating Tertiary,2010,7022,6.313550116611245e-05,2010/10/20 13:00:00
NL13,Heating Tertiary,2010,7023,6.313180116604411e-05,2010/10/20 14:00:00
NL13,Heating Tertiary,2010,7024,6.382680117888076e-05,2010/10/20 15:00:00
NL13,Heating Tertiary,2010,7025,6.405140118302913e-05,2010/10/20 16:00:00
NL13,Heating Tertiary,2010,7026,6.434170118839096e-05,2010/10/20 17:00:00
NL13,Heating Tertiary,2010,7027,6.569390121336608e-05,2010/10/20 18:00:00
NL13,Heating Tertiary,2010,7028,6.989040129087543e-05,2010/10/20 19:00:00
NL13,Heating Tertiary,2010,7029,7.834540144703925e-05,2010/10/20 20:00:00
NL13,Heating Tertiary,2010,7030,9.104950168168392e-05,2010/10/20 21:00:00
NL13,Heating Tertiary,2010,7031,0.000106220001961883,2010/10/20 22:00:00
NL13,Heating Tertiary,2010,7032,0.0001207550022303444,2010/10/20 23:00:00
NL13,Heating Tertiary,2010,7033,0.0001787890033022322,2010/10/21 00:00:00
NL13,Heating Tertiary,2010,7034,0.00018813900347492663,2010/10/21 01:00:00
NL13,Heating Tertiary,2010,7035,0.00019296100356398896,2010/10/21 02:00:00
NL13,Heating Tertiary,2010,7036,0.00019505700360270204,2010/10/21 03:00:00
NL13,Heating Tertiary,2010,7037,0.00019216200354923142,2010/10/21 04:00:00
NL13,Heating Tertiary,2010,7038,0.000181478003351898,2010/10/21 05:00:00
NL13,Heating Tertiary,2010,7039,0.00016406900303035386,2010/10/21 06:00:00
NL13,Heating Tertiary,2010,7040,0.00014363300265290093,2010/10/21 07:00:00
NL13,Heating Tertiary,2010,7041,0.00012506600230996855,2010/10/21 08:00:00
NL13,Heating Tertiary,2010,7042,0.00011053900204165492,2010/10/21 09:00:00
NL13,Heating Tertiary,2010,7043,0.00010053400185686261,2010/10/21 10:00:00
NL13,Heating Tertiary,2010,7044,9.302060171809014e-05,2010/10/21 11:00:00
NL13,Heating Tertiary,2010,7045,8.786790162291979e-05,2010/10/21 12:00:00
NL13,Heating Tertiary,2010,7046,8.545310157831844e-05,2010/10/21 13:00:00
NL13,Heating Tertiary,2010,7047,8.544810157822608e-05,2010/10/21 14:00:00
NL13,Heating Tertiary,2010,7048,8.638880159560082e-05,2010/10/21 15:00:00
NL13,Heating Tertiary,2010,7049,8.669260160121199e-05,2010/10/21 16:00:00
NL13,Heating Tertiary,2010,7050,8.70856016084707e-05,2010/10/21 17:00:00
NL13,Heating Tertiary,2010,7051,8.89156016422708e-05,2010/10/21 18:00:00
NL13,Heating Tertiary,2010,7052,9.459560174718039e-05,2010/10/21 19:00:00
NL13,Heating Tertiary,2010,7053,0.0001060400019585584,2010/10/21 20:00:00
NL13,Heating Tertiary,2010,7054,0.00012323400227613152,2010/10/21 21:00:00
NL13,Heating Tertiary,2010,7055,0.00014376700265537594,2010/10/21 22:00:00
NL13,Heating Tertiary,2010,7056,0.0001634400030187362,2010/10/21 23:00:00
NL13,Heating Tertiary,2010,7057,0.00016326200301544852,2010/10/22 00:00:00
NL13,Heating Tertiary,2010,7058,0.00017180000317314537,2010/10/22 01:00:00
NL13,Heating Tertiary,2010,7059,0.0001762020032544503,2010/10/22 02:00:00
NL13,Heating Tertiary,2010,7060,0.00017811700328982036,2010/10/22 03:00:00
NL13,Heating Tertiary,2010,7061,0.00017547300324098562,2010/10/22 04:00:00
NL13,Heating Tertiary,2010,7062,0.00016571600306077385,2010/10/22 05:00:00
NL13,Heating Tertiary,2010,7063,0.00014982000276717483,2010/10/22 06:00:00
NL13,Heating Tertiary,2010,7064,0.00013115800242248775,2010/10/22 07:00:00
NL13,Heating Tertiary,2010,7065,0.00011420400210934745,2010/10/22 08:00:00
NL13,Heating Tertiary,2010,7066,0.00010093900186434295,2010/10/22 09:00:00
NL13,Heating Tertiary,2010,7067,9.180320169560477e-05,2010/10/22 10:00:00
NL13,Heating Tertiary,2010,7068,8.494190156887659e-05,2010/10/22 11:00:00
NL13,Heating Tertiary,2010,7069,8.02366014819697e-05,2010/10/22 12:00:00
NL13,Heating Tertiary,2010,7070,7.803160144124337e-05,2010/10/22 13:00:00
NL13,Heating Tertiary,2010,7071,7.802730144116393e-05,2010/10/22 14:00:00
NL13,Heating Tertiary,2010,7072,7.888630145702967e-05,2010/10/22 15:00:00
NL13,Heating Tertiary,2010,7073,7.916350146214954e-05,2010/10/22 16:00:00
NL13,Heating Tertiary,2010,7074,7.952250146878027e-05,2010/10/22 17:00:00
NL13,Heating Tertiary,2010,7075,8.11934014996418e-05,2010/10/22 18:00:00
NL13,Heating Tertiary,2010,7076,8.638010159544012e-05,2010/10/22 19:00:00
NL13,Heating Tertiary,2010,7077,9.683030178845528e-05,2010/10/22 20:00:00
NL13,Heating Tertiary,2010,7078,0.00011253200207846561,2010/10/22 21:00:00
NL13,Heating Tertiary,2010,7079,0.00013128100242475958,2010/10/22 22:00:00
NL13,Heating Tertiary,2010,7080,0.00014924500275655459,2010/10/22 23:00:00
NL13,Heating Tertiary,2010,7081,0.00013914100256993376,2010/10/23 00:00:00
NL13,Heating Tertiary,2010,7082,0.00014597100269608384,2010/10/23 01:00:00
NL13,Heating Tertiary,2010,7083,0.00015004200277127518,2010/10/23 02:00:00
NL13,Heating Tertiary,2010,7084,0.0001524320028154185,2010/10/23 03:00:00
NL13,Heating Tertiary,2010,7085,0.0001508120027854971,2010/10/23 04:00:00
NL13,Heating Tertiary,2010,7086,0.0001431960026448296,2010/10/23 05:00:00
NL13,Heating Tertiary,2010,7087,0.00013033700240732392,2010/10/23 06:00:00
NL13,Heating Tertiary,2010,7088,0.0001148760021217593,2010/10/23 07:00:00
NL13,Heating Tertiary,2010,7089,9.976810184271644e-05,2010/10/23 08:00:00
NL13,Heating Tertiary,2010,7090,8.752380161656426e-05,2010/10/23 09:00:00
NL13,Heating Tertiary,2010,7091,7.878230145510879e-05,2010/10/23 10:00:00
NL13,Heating Tertiary,2010,7092,7.23876013369987e-05,2010/10/23 11:00:00
NL13,Heating Tertiary,2010,7093,6.776900125169317e-05,2010/10/23 12:00:00
NL13,Heating Tertiary,2010,7094,6.559670121157081e-05,2010/10/23 13:00:00
NL13,Heating Tertiary,2010,7095,6.574590121432653e-05,2010/10/23 14:00:00
NL13,Heating Tertiary,2010,7096,6.668160123160891e-05,2010/10/23 15:00:00
NL13,Heating Tertiary,2010,7097,6.701520123777049e-05,2010/10/23 16:00:00
NL13,Heating Tertiary,2010,7098,6.692610123612482e-05,2010/10/23 17:00:00
NL13,Heating Tertiary,2010,7099,6.756720124796594e-05,2010/10/23 18:00:00
NL13,Heating Tertiary,2010,7100,7.10842013129249e-05,2010/10/23 19:00:00
NL13,Heating Tertiary,2010,7101,7.985540147492894e-05,2010/10/23 20:00:00
NL13,Heating Tertiary,2010,7102,9.386350173365849e-05,2010/10/23 21:00:00
NL13,Heating Tertiary,2010,7103,0.00011124700205473167,2010/10/23 22:00:00
NL13,Heating Tertiary,2010,7104,0.00012721100234958668,2010/10/23 23:00:00
NL13,Heating Tertiary,2010,7105,0.00017456700322425185,2010/10/24 00:00:00
NL13,Heating Tertiary,2010,7106,0.00018560600342814213,2010/10/24 01:00:00
NL13,Heating Tertiary,2010,7107,0.00019057700351995648,2010/10/24 02:00:00
NL13,Heating Tertiary,2010,7108,0.0001925990035573028,2010/10/24 03:00:00
NL13,Heating Tertiary,2010,7109,0.00018974200350453403,2010/10/24 04:00:00
NL13,Heating Tertiary,2010,7110,0.00018017600332785003,2010/10/24 05:00:00
NL13,Heating Tertiary,2010,7111,0.0001644260030369476,2010/10/24 06:00:00
NL13,Heating Tertiary,2010,7112,0.00014539000268535274,2010/10/24 07:00:00
NL13,Heating Tertiary,2010,7113,0.0001272070023495128,2010/10/24 08:00:00
NL13,Heating Tertiary,2010,7114,0.00011301200208733122,2010/10/24 09:00:00
NL13,Heating Tertiary,2010,7115,0.00010328900190774744,2010/10/24 10:00:00
NL13,Heating Tertiary,2010,7116,9.586050177054308e-05,2010/10/24 11:00:00
NL13,Heating Tertiary,2010,7117,8.997510166183976e-05,2010/10/24 12:00:00
NL13,Heating Tertiary,2010,7118,8.669260160121199e-05,2010/10/24 13:00:00
NL13,Heating Tertiary,2010,7119,8.518880157343682e-05,2010/10/24 14:00:00
NL13,Heating Tertiary,2010,7120,8.458850156234928e-05,2010/10/24 15:00:00
NL13,Heating Tertiary,2010,7121,8.348010154187713e-05,2010/10/24 16:00:00
NL13,Heating Tertiary,2010,7122,8.299180153285824e-05,2010/10/24 17:00:00
NL13,Heating Tertiary,2010,7123,8.419800155513674e-05,2010/10/24 18:00:00
NL13,Heating Tertiary,2010,7124,8.904930164474024e-05,2010/10/24 19:00:00
NL13,Heating Tertiary,2010,7125,9.956070183888576e-05,2010/10/24 20:00:00
NL13,Heating Tertiary,2010,7126,0.00011556500213448512,2010/10/24 21:00:00
NL13,Heating Tertiary,2010,7127,0.0001358570025092783,2010/10/24 22:00:00
NL13,Heating Tertiary,2010,7128,0.00015708400290134089,2010/10/24 23:00:00
NL13,Heating Tertiary,2010,7129,0.00016326200301544852,2010/10/25 00:00:00
NL13,Heating Tertiary,2010,7130,0.00017180000317314537,2010/10/25 01:00:00
NL13,Heating Tertiary,2010,7131,0.0001762020032544503,2010/10/25 02:00:00
NL13,Heating Tertiary,2010,7132,0.00017811700328982036,2010/10/25 03:00:00
NL13,Heating Tertiary,2010,7133,0.00017547300324098562,2010/10/25 04:00:00
NL13,Heating Tertiary,2010,7134,0.00016571600306077385,2010/10/25 05:00:00
NL13,Heating Tertiary,2010,7135,0.00014982000276717483,2010/10/25 06:00:00
NL13,Heating Tertiary,2010,7136,0.00013115800242248775,2010/10/25 07:00:00
NL13,Heating Tertiary,2010,7137,0.00011420400210934745,2010/10/25 08:00:00
NL13,Heating Tertiary,2010,7138,0.00010093900186434295,2010/10/25 09:00:00
NL13,Heating Tertiary,2010,7139,9.180320169560477e-05,2010/10/25 10:00:00
NL13,Heating Tertiary,2010,7140,8.494190156887659e-05,2010/10/25 11:00:00
NL13,Heating Tertiary,2010,7141,8.02366014819697e-05,2010/10/25 12:00:00
NL13,Heating Tertiary,2010,7142,7.803160144124337e-05,2010/10/25 13:00:00
NL13,Heating Tertiary,2010,7143,7.802730144116393e-05,2010/10/25 14:00:00
NL13,Heating Tertiary,2010,7144,7.888630145702967e-05,2010/10/25 15:00:00
NL13,Heating Tertiary,2010,7145,7.916350146214954e-05,2010/10/25 16:00:00
NL13,Heating Tertiary,2010,7146,7.952250146878027e-05,2010/10/25 17:00:00
NL13,Heating Tertiary,2010,7147,8.11934014996418e-05,2010/10/25 18:00:00
NL13,Heating Tertiary,2010,7148,8.638010159544012e-05,2010/10/25 19:00:00
NL13,Heating Tertiary,2010,7149,9.683030178845528e-05,2010/10/25 20:00:00
NL13,Heating Tertiary,2010,7150,0.00011253200207846561,2010/10/25 21:00:00
NL13,Heating Tertiary,2010,7151,0.00013128100242475958,2010/10/25 22:00:00
NL13,Heating Tertiary,2010,7152,0.00014924500275655459,2010/10/25 23:00:00
NL13,Heating Tertiary,2010,7153,0.00016326200301544852,2010/10/26 00:00:00
NL13,Heating Tertiary,2010,7154,0.00017180000317314537,2010/10/26 01:00:00
NL13,Heating Tertiary,2010,7155,0.0001762020032544503,2010/10/26 02:00:00
NL13,Heating Tertiary,2010,7156,0.00017811700328982036,2010/10/26 03:00:00
NL13,Heating Tertiary,2010,7157,0.00017547300324098562,2010/10/26 04:00:00
NL13,Heating Tertiary,2010,7158,0.00016571600306077385,2010/10/26 05:00:00
NL13,Heating Tertiary,2010,7159,0.00014982000276717483,2010/10/26 06:00:00
NL13,Heating Tertiary,2010,7160,0.00013115800242248775,2010/10/26 07:00:00
NL13,Heating Tertiary,2010,7161,0.00011420400210934745,2010/10/26 08:00:00
NL13,Heating Tertiary,2010,7162,0.00010093900186434295,2010/10/26 09:00:00
NL13,Heating Tertiary,2010,7163,9.180320169560477e-05,2010/10/26 10:00:00
NL13,Heating Tertiary,2010,7164,8.494190156887659e-05,2010/10/26 11:00:00
NL13,Heating Tertiary,2010,7165,8.02366014819697e-05,2010/10/26 12:00:00
NL13,Heating Tertiary,2010,7166,7.803160144124337e-05,2010/10/26 13:00:00
NL13,Heating Tertiary,2010,7167,7.802730144116393e-05,2010/10/26 14:00:00
NL13,Heating Tertiary,2010,7168,7.888630145702967e-05,2010/10/26 15:00:00
NL13,Heating Tertiary,2010,7169,7.916350146214954e-05,2010/10/26 16:00:00
NL13,Heating Tertiary,2010,7170,7.952250146878027e-05,2010/10/26 17:00:00
NL13,Heating Tertiary,2010,7171,8.11934014996418e-05,2010/10/26 18:00:00
NL13,Heating Tertiary,2010,7172,8.638010159544012e-05,2010/10/26 19:00:00
NL13,Heating Tertiary,2010,7173,9.683030178845528e-05,2010/10/26 20:00:00
NL13,Heating Tertiary,2010,7174,0.00011253200207846561,2010/10/26 21:00:00
NL13,Heating Tertiary,2010,7175,0.00013128100242475958,2010/10/26 22:00:00
NL13,Heating Tertiary,2010,7176,0.00014924500275655459,2010/10/26 23:00:00
NL13,Heating Tertiary,2010,7177,0.00010048600185597605,2010/10/27 00:00:00
NL13,Heating Tertiary,2010,7178,0.00010574100195303588,2010/10/27 01:00:00
NL13,Heating Tertiary,2010,7179,0.00010845100200308956,2010/10/27 02:00:00
NL13,Heating Tertiary,2010,7180,0.00010962800202482875,2010/10/27 03:00:00
NL13,Heating Tertiary,2010,7181,0.00010800200199479653,2010/10/27 04:00:00
NL13,Heating Tertiary,2010,7182,0.00010199700188388421,2010/10/27 05:00:00
NL13,Heating Tertiary,2010,7183,9.221230170316083e-05,2010/10/27 06:00:00
NL13,Heating Tertiary,2010,7184,8.07268014910237e-05,2010/10/27 07:00:00
NL13,Heating Tertiary,2010,7185,7.029150129828375e-05,2010/10/27 08:00:00
NL13,Heating Tertiary,2010,7186,6.212670114747991e-05,2010/10/27 09:00:00
NL13,Heating Tertiary,2010,7187,5.650390104362683e-05,2010/10/27 10:00:00
NL13,Heating Tertiary,2010,7188,5.228080096562618e-05,2010/10/27 11:00:00
NL13,Heating Tertiary,2010,7189,4.938470091213523e-05,2010/10/27 12:00:00
NL13,Heating Tertiary,2010,7190,4.80274008870659e-05,2010/10/27 13:00:00
NL13,Heating Tertiary,2010,7191,4.802490088701973e-05,2010/10/27 14:00:00
NL13,Heating Tertiary,2010,7192,4.855360089678481e-05,2010/10/27 15:00:00
NL13,Heating Tertiary,2010,7193,4.872440089993949e-05,2010/10/27 16:00:00
NL13,Heating Tertiary,2010,7194,4.8945000904013965e-05,2010/10/27 17:00:00
NL13,Heating Tertiary,2010,7195,4.99736009230122e-05,2010/10/27 18:00:00
NL13,Heating Tertiary,2010,7196,5.316610098197767e-05,2010/10/27 19:00:00
NL13,Heating Tertiary,2010,7197,5.959790110077299e-05,2010/10/27 20:00:00
NL13,Heating Tertiary,2010,7198,6.926230127927443e-05,2010/10/27 21:00:00
NL13,Heating Tertiary,2010,7199,8.080170149240709e-05,2010/10/27 22:00:00
NL13,Heating Tertiary,2010,7200,9.185890169663355e-05,2010/10/27 23:00:00
NL13,Heating Tertiary,2010,7201,0.0001485110027429976,2010/10/28 00:00:00
NL13,Heating Tertiary,2010,7202,0.00015627700288643566,2010/10/28 01:00:00
NL13,Heating Tertiary,2010,7203,0.00016028200296040794,2010/10/28 02:00:00
NL13,Heating Tertiary,2010,7204,0.0001620230029925642,2010/10/28 03:00:00
NL13,Heating Tertiary,2010,7205,0.00015961900294816233,2010/10/28 04:00:00
NL13,Heating Tertiary,2010,7206,0.00015074300278422264,2010/10/28 05:00:00
NL13,Heating Tertiary,2010,7207,0.0001362830025171465,2010/10/28 06:00:00
NL13,Heating Tertiary,2010,7208,0.00011930800220361833,2010/10/28 07:00:00
NL13,Heating Tertiary,2010,7209,0.00010388500191875557,2010/10/28 08:00:00
NL13,Heating Tertiary,2010,7210,9.181870169589106e-05,2010/10/28 09:00:00
NL13,Heating Tertiary,2010,7211,8.350860154240354e-05,2010/10/28 10:00:00
NL13,Heating Tertiary,2010,7212,7.726730142712675e-05,2010/10/28 11:00:00
NL13,Heating Tertiary,2010,7213,7.298660134806223e-05,2010/10/28 12:00:00
NL13,Heating Tertiary,2010,7214,7.098090131101697e-05,2010/10/28 13:00:00
NL13,Heating Tertiary,2010,7215,7.097720131094862e-05,2010/10/28 14:00:00
NL13,Heating Tertiary,2010,7216,7.175880132538476e-05,2010/10/28 15:00:00
NL13,Heating Tertiary,2010,7217,7.201130133004845e-05,2010/10/28 16:00:00
NL13,Heating Tertiary,2010,7218,7.233680133606042e-05,2010/10/28 17:00:00
NL13,Heating Tertiary,2010,7219,7.38574013641459e-05,2010/10/28 18:00:00
NL13,Heating Tertiary,2010,7220,7.857560145129103e-05,2010/10/28 19:00:00
NL13,Heating Tertiary,2010,7221,8.808140162686313e-05,2010/10/28 20:00:00
NL13,Heating Tertiary,2010,7222,0.0001023640018906627,2010/10/28 21:00:00
NL13,Heating Tertiary,2010,7223,0.00011941900220566849,2010/10/28 22:00:00
NL13,Heating Tertiary,2010,7224,0.00013576100250750517,2010/10/28 23:00:00
NL13,Heating Tertiary,2010,7225,0.00010048600185597605,2010/10/29 00:00:00
NL13,Heating Tertiary,2010,7226,0.00010574100195303588,2010/10/29 01:00:00
NL13,Heating Tertiary,2010,7227,0.00010845100200308956,2010/10/29 02:00:00
NL13,Heating Tertiary,2010,7228,0.00010962800202482875,2010/10/29 03:00:00
NL13,Heating Tertiary,2010,7229,0.00010800200199479653,2010/10/29 04:00:00
NL13,Heating Tertiary,2010,7230,0.00010199700188388421,2010/10/29 05:00:00
NL13,Heating Tertiary,2010,7231,9.221230170316083e-05,2010/10/29 06:00:00
NL13,Heating Tertiary,2010,7232,8.07268014910237e-05,2010/10/29 07:00:00
NL13,Heating Tertiary,2010,7233,7.029150129828375e-05,2010/10/29 08:00:00
NL13,Heating Tertiary,2010,7234,6.212670114747991e-05,2010/10/29 09:00:00
NL13,Heating Tertiary,2010,7235,5.650390104362683e-05,2010/10/29 10:00:00
NL13,Heating Tertiary,2010,7236,5.228080096562618e-05,2010/10/29 11:00:00
NL13,Heating Tertiary,2010,7237,4.938470091213523e-05,2010/10/29 12:00:00
NL13,Heating Tertiary,2010,7238,4.80274008870659e-05,2010/10/29 13:00:00
NL13,Heating Tertiary,2010,7239,4.802490088701973e-05,2010/10/29 14:00:00
NL13,Heating Tertiary,2010,7240,4.855360089678481e-05,2010/10/29 15:00:00
NL13,Heating Tertiary,2010,7241,4.872440089993949e-05,2010/10/29 16:00:00
NL13,Heating Tertiary,2010,7242,4.8945000904013965e-05,2010/10/29 17:00:00
NL13,Heating Tertiary,2010,7243,4.99736009230122e-05,2010/10/29 18:00:00
NL13,Heating Tertiary,2010,7244,5.316610098197767e-05,2010/10/29 19:00:00
NL13,Heating Tertiary,2010,7245,5.959790110077299e-05,2010/10/29 20:00:00
NL13,Heating Tertiary,2010,7246,6.926230127927443e-05,2010/10/29 21:00:00
NL13,Heating Tertiary,2010,7247,8.080170149240709e-05,2010/10/29 22:00:00
NL13,Heating Tertiary,2010,7248,9.185890169663355e-05,2010/10/29 23:00:00
NL13,Heating Tertiary,2010,7249,0.000122318002259213,2010/10/30 00:00:00
NL13,Heating Tertiary,2010,7250,0.00012832200237010687,2010/10/30 01:00:00
NL13,Heating Tertiary,2010,7251,0.0001319000024361925,2010/10/30 02:00:00
NL13,Heating Tertiary,2010,7252,0.00013400200247501646,2010/10/30 03:00:00
NL13,Heating Tertiary,2010,7253,0.00013257800244871517,2010/10/30 04:00:00
NL13,Heating Tertiary,2010,7254,0.00012588200232504007,2010/10/30 05:00:00
NL13,Heating Tertiary,2010,7255,0.00011457800211625524,2010/10/30 06:00:00
NL13,Heating Tertiary,2010,7256,0.00010098700186522952,2010/10/30 07:00:00
NL13,Heating Tertiary,2010,7257,8.770510161991287e-05,2010/10/30 08:00:00
NL13,Heating Tertiary,2010,7258,7.694180142111475e-05,2010/10/30 09:00:00
NL13,Heating Tertiary,2010,7259,6.925730127918207e-05,2010/10/30 10:00:00
NL13,Heating Tertiary,2010,7260,6.363550117534745e-05,2010/10/30 11:00:00
NL13,Heating Tertiary,2010,7261,5.957540110035742e-05,2010/10/30 12:00:00
NL13,Heating Tertiary,2010,7262,5.766580106508711e-05,2010/10/30 13:00:00
NL13,Heating Tertiary,2010,7263,5.7796501067501144e-05,2010/10/30 14:00:00
NL13,Heating Tertiary,2010,7264,5.86194010827001e-05,2010/10/30 15:00:00
NL13,Heating Tertiary,2010,7265,5.8912801088119194e-05,2010/10/30 16:00:00
NL13,Heating Tertiary,2010,7266,5.8834001086663765e-05,2010/10/30 17:00:00
NL13,Heating Tertiary,2010,7267,5.93977010970753e-05,2010/10/30 18:00:00
NL13,Heating Tertiary,2010,7268,6.249000115419007e-05,2010/10/30 19:00:00
NL13,Heating Tertiary,2010,7269,7.020050129660298e-05,2010/10/30 20:00:00
NL13,Heating Tertiary,2010,7270,8.25147015240462e-05,2010/10/30 21:00:00
NL13,Heating Tertiary,2010,7271,9.779700180631023e-05,2010/10/30 22:00:00
NL13,Heating Tertiary,2010,7272,0.00011183000206549969,2010/10/30 23:00:00
NL13,Heating Tertiary,2010,7273,0.00010744400198449029,2010/10/31 00:00:00
NL13,Heating Tertiary,2010,7274,0.00011423800210997543,2010/10/31 01:00:00
NL13,Heating Tertiary,2010,7275,0.00011729800216649363,2010/10/31 02:00:00
NL13,Heating Tertiary,2010,7276,0.00011854300218948878,2010/10/31 03:00:00
NL13,Heating Tertiary,2010,7277,0.00011678400215700005,2010/10/31 04:00:00
NL13,Heating Tertiary,2010,7278,0.00011089700204826719,2010/10/31 05:00:00
NL13,Heating Tertiary,2010,7279,0.00010120200186920057,2010/10/31 06:00:00
NL13,Heating Tertiary,2010,7280,8.948560165279871e-05,2010/10/31 07:00:00
NL13,Heating Tertiary,2010,7281,7.829460144610098e-05,2010/10/31 08:00:00
NL13,Heating Tertiary,2010,7282,6.955750128472677e-05,2010/10/31 09:00:00
NL13,Heating Tertiary,2010,7283,6.357300117419308e-05,2010/10/31 10:00:00
NL13,Heating Tertiary,2010,7284,5.900100108974826e-05,2010/10/31 11:00:00
NL13,Heating Tertiary,2010,7285,5.5378601022842535e-05,2010/10/31 12:00:00
NL13,Heating Tertiary,2010,7286,5.3358200985525755e-05,2010/10/31 13:00:00
NL13,Heating Tertiary,2010,7287,5.243280096843362e-05,2010/10/31 14:00:00
NL13,Heating Tertiary,2010,7288,5.20634009616108e-05,2010/10/31 15:00:00
NL13,Heating Tertiary,2010,7289,5.138130094901242e-05,2010/10/31 16:00:00
NL13,Heating Tertiary,2010,7290,5.108070094346034e-05,2010/10/31 17:00:00
NL13,Heating Tertiary,2010,7291,5.182270095716507e-05,2010/10/31 18:00:00
NL13,Heating Tertiary,2010,7292,5.480880101231833e-05,2010/10/31 19:00:00
NL13,Heating Tertiary,2010,7293,6.127850113181366e-05,2010/10/31 20:00:00
NL13,Heating Tertiary,2010,7294,7.112880131374867e-05,2010/10/31 21:00:00
NL13,Heating Tertiary,2010,7295,8.361870154443708e-05,2010/10/31 22:00:00
NL13,Heating Tertiary,2010,7296,9.668360178574573e-05,2010/10/31 23:00:00
NL13,Heating Tertiary,2010,7297,0.0001485110027429976,2010/11/01 00:00:00
NL13,Heating Tertiary,2010,7298,0.00015627700288643566,2010/11/01 01:00:00
NL13,Heating Tertiary,2010,7299,0.00016028200296040794,2010/11/01 02:00:00
NL13,Heating Tertiary,2010,7300,0.0001620230029925642,2010/11/01 03:00:00
NL13,Heating Tertiary,2010,7301,0.00015961900294816233,2010/11/01 04:00:00
NL13,Heating Tertiary,2010,7302,0.00015074300278422264,2010/11/01 05:00:00
NL13,Heating Tertiary,2010,7303,0.0001362830025171465,2010/11/01 06:00:00
NL13,Heating Tertiary,2010,7304,0.00011930800220361833,2010/11/01 07:00:00
NL13,Heating Tertiary,2010,7305,0.00010388500191875557,2010/11/01 08:00:00
NL13,Heating Tertiary,2010,7306,9.181870169589106e-05,2010/11/01 09:00:00
NL13,Heating Tertiary,2010,7307,8.350860154240354e-05,2010/11/01 10:00:00
NL13,Heating Tertiary,2010,7308,7.726730142712675e-05,2010/11/01 11:00:00
NL13,Heating Tertiary,2010,7309,7.298660134806223e-05,2010/11/01 12:00:00
NL13,Heating Tertiary,2010,7310,7.098090131101697e-05,2010/11/01 13:00:00
NL13,Heating Tertiary,2010,7311,7.097720131094862e-05,2010/11/01 14:00:00
NL13,Heating Tertiary,2010,7312,7.175880132538476e-05,2010/11/01 15:00:00
NL13,Heating Tertiary,2010,7313,7.201130133004845e-05,2010/11/01 16:00:00
NL13,Heating Tertiary,2010,7314,7.233680133606042e-05,2010/11/01 17:00:00
NL13,Heating Tertiary,2010,7315,7.38574013641459e-05,2010/11/01 18:00:00
NL13,Heating Tertiary,2010,7316,7.857560145129103e-05,2010/11/01 19:00:00
NL13,Heating Tertiary,2010,7317,8.808140162686313e-05,2010/11/01 20:00:00
NL13,Heating Tertiary,2010,7318,0.0001023640018906627,2010/11/01 21:00:00
NL13,Heating Tertiary,2010,7319,0.00011941900220566849,2010/11/01 22:00:00
NL13,Heating Tertiary,2010,7320,0.00013576100250750517,2010/11/01 23:00:00
NL13,Heating Tertiary,2010,7321,0.0001485110027429976,2010/11/02 00:00:00
NL13,Heating Tertiary,2010,7322,0.00015627700288643566,2010/11/02 01:00:00
NL13,Heating Tertiary,2010,7323,0.00016028200296040794,2010/11/02 02:00:00
NL13,Heating Tertiary,2010,7324,0.0001620230029925642,2010/11/02 03:00:00
NL13,Heating Tertiary,2010,7325,0.00015961900294816233,2010/11/02 04:00:00
NL13,Heating Tertiary,2010,7326,0.00015074300278422264,2010/11/02 05:00:00
NL13,Heating Tertiary,2010,7327,0.0001362830025171465,2010/11/02 06:00:00
NL13,Heating Tertiary,2010,7328,0.00011930800220361833,2010/11/02 07:00:00
NL13,Heating Tertiary,2010,7329,0.00010388500191875557,2010/11/02 08:00:00
NL13,Heating Tertiary,2010,7330,9.181870169589106e-05,2010/11/02 09:00:00
NL13,Heating Tertiary,2010,7331,8.350860154240354e-05,2010/11/02 10:00:00
NL13,Heating Tertiary,2010,7332,7.726730142712675e-05,2010/11/02 11:00:00
NL13,Heating Tertiary,2010,7333,7.298660134806223e-05,2010/11/02 12:00:00
NL13,Heating Tertiary,2010,7334,7.098090131101697e-05,2010/11/02 13:00:00
NL13,Heating Tertiary,2010,7335,7.097720131094862e-05,2010/11/02 14:00:00
NL13,Heating Tertiary,2010,7336,7.175880132538476e-05,2010/11/02 15:00:00
NL13,Heating Tertiary,2010,7337,7.201130133004845e-05,2010/11/02 16:00:00
NL13,Heating Tertiary,2010,7338,7.233680133606042e-05,2010/11/02 17:00:00
NL13,Heating Tertiary,2010,7339,7.38574013641459e-05,2010/11/02 18:00:00
NL13,Heating Tertiary,2010,7340,7.857560145129103e-05,2010/11/02 19:00:00
NL13,Heating Tertiary,2010,7341,8.808140162686313e-05,2010/11/02 20:00:00
NL13,Heating Tertiary,2010,7342,0.0001023640018906627,2010/11/02 21:00:00
NL13,Heating Tertiary,2010,7343,0.00011941900220566849,2010/11/02 22:00:00
NL13,Heating Tertiary,2010,7344,0.00013576100250750517,2010/11/02 23:00:00
NL13,Heating Tertiary,2010,7345,0.00011612400214480984,2010/11/03 00:00:00
NL13,Heating Tertiary,2010,7346,0.00012219700225697813,2010/11/03 01:00:00
NL13,Heating Tertiary,2010,7347,0.0001253280023148077,2010/11/03 02:00:00
NL13,Heating Tertiary,2010,7348,0.00012669000233996383,2010/11/03 03:00:00
NL13,Heating Tertiary,2010,7349,0.00012481000230524025,2010/11/03 04:00:00
NL13,Heating Tertiary,2010,7350,0.00011787100217707693,2010/11/03 05:00:00
NL13,Heating Tertiary,2010,7351,0.00010656400196823668,2010/11/03 06:00:00
NL13,Heating Tertiary,2010,7352,9.328980172306225e-05,2010/11/03 07:00:00
NL13,Heating Tertiary,2010,7353,8.123120150033997e-05,2010/11/03 08:00:00
NL13,Heating Tertiary,2010,7354,7.179590132607001e-05,2010/11/03 09:00:00
NL13,Heating Tertiary,2010,7355,6.529720120603905e-05,2010/11/03 10:00:00
NL13,Heating Tertiary,2010,7356,6.041710111590361e-05,2010/11/03 11:00:00
NL13,Heating Tertiary,2010,7357,5.707040105409007e-05,2010/11/03 12:00:00
NL13,Heating Tertiary,2010,7358,5.550190102511989e-05,2010/11/03 13:00:00
NL13,Heating Tertiary,2010,7359,5.549890102506448e-05,2010/11/03 14:00:00
NL13,Heating Tertiary,2010,7360,5.6109901036349645e-05,2010/11/03 15:00:00
NL13,Heating Tertiary,2010,7361,5.630740103999747e-05,2010/11/03 16:00:00
NL13,Heating Tertiary,2010,7362,5.656230104470547e-05,2010/11/03 17:00:00
NL13,Heating Tertiary,2010,7363,5.775100106666077e-05,2010/11/03 18:00:00
NL13,Heating Tertiary,2010,7364,6.14403011348021e-05,2010/11/03 19:00:00
NL13,Heating Tertiary,2010,7365,6.887300127208406e-05,2010/11/03 20:00:00
NL13,Heating Tertiary,2010,7366,8.004110147835883e-05,2010/11/03 21:00:00
NL13,Heating Tertiary,2010,7367,9.337700172467284e-05,2010/11/03 22:00:00
NL13,Heating Tertiary,2010,7368,0.00010615500196068246,2010/11/03 23:00:00
NL13,Heating Tertiary,2010,7369,8.518010157327612e-05,2010/11/04 00:00:00
NL13,Heating Tertiary,2010,7370,8.963470165555256e-05,2010/11/04 01:00:00
NL13,Heating Tertiary,2010,7371,9.19320016979837e-05,2010/11/04 02:00:00
NL13,Heating Tertiary,2010,7372,9.293020171642044e-05,2010/11/04 03:00:00
NL13,Heating Tertiary,2010,7373,9.155140169095402e-05,2010/11/04 04:00:00
NL13,Heating Tertiary,2010,7374,8.646060159692696e-05,2010/11/04 05:00:00
NL13,Heating Tertiary,2010,7375,7.816710144374605e-05,2010/11/04 06:00:00
NL13,Heating Tertiary,2010,7376,6.843050126391107e-05,2010/11/04 07:00:00
NL13,Heating Tertiary,2010,7377,5.9584801100531036e-05,2010/11/04 08:00:00
NL13,Heating Tertiary,2010,7378,5.266390097270204e-05,2010/11/04 09:00:00
NL13,Heating Tertiary,2010,7379,4.7897300884662955e-05,2010/11/04 10:00:00
NL13,Heating Tertiary,2010,7380,4.431740081854221e-05,2010/11/04 11:00:00
NL13,Heating Tertiary,2010,7381,4.186250077320022e-05,2010/11/04 12:00:00
NL13,Heating Tertiary,2010,7382,4.071200075195049e-05,2010/11/04 13:00:00
NL13,Heating Tertiary,2010,7383,4.0709800751909854e-05,2010/11/04 14:00:00
NL13,Heating Tertiary,2010,7384,4.115800076018811e-05,2010/11/04 15:00:00
NL13,Heating Tertiary,2010,7385,4.130280076286256e-05,2010/11/04 16:00:00
NL13,Heating Tertiary,2010,7386,4.148980076631645e-05,2010/11/04 17:00:00
NL13,Heating Tertiary,2010,7387,4.236180078242229e-05,2010/11/04 18:00:00
NL13,Heating Tertiary,2010,7388,4.5067900832403946e-05,2010/11/04 19:00:00
NL13,Heating Tertiary,2010,7389,5.052000093310422e-05,2010/11/04 20:00:00
NL13,Heating Tertiary,2010,7390,5.871220108441412e-05,2010/11/04 21:00:00
NL13,Heating Tertiary,2010,7391,6.849430126508947e-05,2010/11/04 22:00:00
NL13,Heating Tertiary,2010,7392,7.78670014382032e-05,2010/11/04 23:00:00
NL13,Heating Tertiary,2010,7393,5.4568501007879995e-05,2010/11/05 00:00:00
NL13,Heating Tertiary,2010,7394,5.742210106058597e-05,2010/11/05 01:00:00
NL13,Heating Tertiary,2010,7395,5.889370108776642e-05,2010/11/05 02:00:00
NL13,Heating Tertiary,2010,7396,5.953350109958352e-05,2010/11/05 03:00:00
NL13,Heating Tertiary,2010,7397,5.865010108326713e-05,2010/11/05 04:00:00
NL13,Heating Tertiary,2010,7398,5.5389001023034624e-05,2010/11/05 05:00:00
NL13,Heating Tertiary,2010,7399,5.007570092489799e-05,2010/11/05 06:00:00
NL13,Heating Tertiary,2010,7400,4.383830080969323e-05,2010/11/05 07:00:00
NL13,Heating Tertiary,2010,7401,3.8171500705027466e-05,2010/11/05 08:00:00
NL13,Heating Tertiary,2010,7402,3.373780062313704e-05,2010/11/05 09:00:00
NL13,Heating Tertiary,2010,7403,3.068420056673706e-05,2010/11/05 10:00:00
NL13,Heating Tertiary,2010,7404,2.8390900524379815e-05,2010/11/05 11:00:00
NL13,Heating Tertiary,2010,7405,2.6818200495332054e-05,2010/11/05 12:00:00
NL13,Heating Tertiary,2010,7406,2.608110048171782e-05,2010/11/05 13:00:00
NL13,Heating Tertiary,2010,7407,2.607970048169196e-05,2010/11/05 14:00:00
NL13,Heating Tertiary,2010,7408,2.6366900486996545e-05,2010/11/05 15:00:00
NL13,Heating Tertiary,2010,7409,2.6459600488708713e-05,2010/11/05 16:00:00
NL13,Heating Tertiary,2010,7410,2.657940049092142e-05,2010/11/05 17:00:00
NL13,Heating Tertiary,2010,7411,2.713800050123876e-05,2010/11/05 18:00:00
NL13,Heating Tertiary,2010,7412,2.8871700533260193e-05,2010/11/05 19:00:00
NL13,Heating Tertiary,2010,7413,3.236440059777035e-05,2010/11/05 20:00:00
NL13,Heating Tertiary,2010,7414,3.761250069470273e-05,2010/11/05 21:00:00
NL13,Heating Tertiary,2010,7415,4.387920081044866e-05,2010/11/05 22:00:00
NL13,Heating Tertiary,2010,7416,4.988370092135175e-05,2010/11/05 23:00:00
NL13,Heating Tertiary,2010,7417,7.325030135293277e-05,2010/11/06 00:00:00
NL13,Heating Tertiary,2010,7418,7.684590141934349e-05,2010/11/06 01:00:00
NL13,Heating Tertiary,2010,7419,7.898900145892651e-05,2010/11/06 02:00:00
NL13,Heating Tertiary,2010,7420,8.024780148217657e-05,2010/11/06 03:00:00
NL13,Heating Tertiary,2010,7421,7.939500146642535e-05,2010/11/06 04:00:00
NL13,Heating Tertiary,2010,7422,7.538530139236621e-05,2010/11/06 05:00:00
NL13,Heating Tertiary,2010,7423,6.861560126732988e-05,2010/11/06 06:00:00
NL13,Heating Tertiary,2010,7424,6.047660111700258e-05,2010/11/06 07:00:00
NL13,Heating Tertiary,2010,7425,5.252270097009407e-05,2010/11/06 08:00:00
NL13,Heating Tertiary,2010,7426,4.607680085103832e-05,2010/11/06 09:00:00
NL13,Heating Tertiary,2010,7427,4.14750007660431e-05,2010/11/06 10:00:00
NL13,Heating Tertiary,2010,7428,3.8108400703862007e-05,2010/11/06 11:00:00
NL13,Heating Tertiary,2010,7429,3.5677000658954056e-05,2010/11/06 12:00:00
NL13,Heating Tertiary,2010,7430,3.453340063783177e-05,2010/11/06 13:00:00
NL13,Heating Tertiary,2010,7431,3.461170063927797e-05,2010/11/06 14:00:00
NL13,Heating Tertiary,2010,7432,3.5104400648378136e-05,2010/11/06 15:00:00
NL13,Heating Tertiary,2010,7433,3.5280100651623315e-05,2010/11/06 16:00:00
NL13,Heating Tertiary,2010,7434,3.523300065075339e-05,2010/11/06 17:00:00
NL13,Heating Tertiary,2010,7435,3.5570500656987005e-05,2010/11/06 18:00:00
NL13,Heating Tertiary,2010,7436,3.742230069118974e-05,2010/11/06 19:00:00
NL13,Heating Tertiary,2010,7437,4.203970077647311e-05,2010/11/06 20:00:00
NL13,Heating Tertiary,2010,7438,4.941440091268379e-05,2010/11/06 21:00:00
NL13,Heating Tertiary,2010,7439,5.8566201081717495e-05,2010/11/06 22:00:00
NL13,Heating Tertiary,2010,7440,6.697000123693565e-05,2010/11/06 23:00:00
NL13,Heating Tertiary,2010,7441,0.00015879400293292454,2010/11/07 00:00:00
NL13,Heating Tertiary,2010,7442,0.00016883600311840024,2010/11/07 01:00:00
NL13,Heating Tertiary,2010,7443,0.00017335700320190314,2010/11/07 02:00:00
NL13,Heating Tertiary,2010,7444,0.00017519700323588794,2010/11/07 03:00:00
NL13,Heating Tertiary,2010,7445,0.00017259800318788438,2010/11/07 04:00:00
NL13,Heating Tertiary,2010,7446,0.00016389700302717704,2010/11/07 05:00:00
NL13,Heating Tertiary,2010,7447,0.00014956900276253887,2010/11/07 06:00:00
NL13,Heating Tertiary,2010,7448,0.0001322530024427124,2010/11/07 07:00:00
NL13,Heating Tertiary,2010,7449,0.00011571400213723715,2010/11/07 08:00:00
NL13,Heating Tertiary,2010,7450,0.00010280000189871562,2010/11/07 09:00:00
NL13,Heating Tertiary,2010,7451,9.395630173537251e-05,2010/11/07 10:00:00
NL13,Heating Tertiary,2010,7452,8.719890161056335e-05,2010/11/07 11:00:00
NL13,Heating Tertiary,2010,7453,8.184510151167869e-05,2010/11/07 12:00:00
NL13,Heating Tertiary,2010,7454,7.885970145653837e-05,2010/11/07 13:00:00
NL13,Heating Tertiary,2010,7455,7.749200143127695e-05,2010/11/07 14:00:00
NL13,Heating Tertiary,2010,7456,7.694550142118309e-05,2010/11/07 15:00:00
NL13,Heating Tertiary,2010,7457,7.593740140256349e-05,2010/11/07 16:00:00
NL13,Heating Tertiary,2010,7458,7.54936013943665e-05,2010/11/07 17:00:00
NL13,Heating Tertiary,2010,7459,7.659030141462256e-05,2010/11/07 18:00:00
NL13,Heating Tertiary,2010,7460,8.10034014961325e-05,2010/11/07 19:00:00
NL13,Heating Tertiary,2010,7461,9.056490167273335e-05,2010/11/07 20:00:00
NL13,Heating Tertiary,2010,7462,0.00010512300194162143,2010/11/07 21:00:00
NL13,Heating Tertiary,2010,7463,0.00012358300228257755,2010/11/07 22:00:00
NL13,Heating Tertiary,2010,7464,0.00014289100263919623,2010/11/07 23:00:00
NL13,Heating Tertiary,2010,7465,0.0002113970039045018,2010/11/08 00:00:00
NL13,Heating Tertiary,2010,7466,0.0002224520041086876,2010/11/08 01:00:00
NL13,Heating Tertiary,2010,7467,0.00022815300421398505,2010/11/08 02:00:00
NL13,Heating Tertiary,2010,7468,0.00023063200425977218,2010/11/08 03:00:00
NL13,Heating Tertiary,2010,7469,0.00022720900419654938,2010/11/08 04:00:00
NL13,Heating Tertiary,2010,7470,0.00021457600396321792,2010/11/08 05:00:00
NL13,Heating Tertiary,2010,7471,0.0001939920035830315,2010/11/08 06:00:00
NL13,Heating Tertiary,2010,7472,0.000169829003136741,2010/11/08 07:00:00
NL13,Heating Tertiary,2010,7473,0.00014787600273126917,2010/11/08 08:00:00
NL13,Heating Tertiary,2010,7474,0.0001307000024140285,2010/11/08 09:00:00
NL13,Heating Tertiary,2010,7475,0.00011887000219552846,2010/11/08 10:00:00
NL13,Heating Tertiary,2010,7476,0.00010998600203144102,2010/11/08 11:00:00
NL13,Heating Tertiary,2010,7477,0.00010389300191890333,2010/11/08 12:00:00
NL13,Heating Tertiary,2010,7478,0.00010103800186617147,2010/11/08 13:00:00
NL13,Heating Tertiary,2010,7479,0.00010103200186606066,2010/11/08 14:00:00
NL13,Heating Tertiary,2010,7480,0.00010214500188661777,2010/11/08 15:00:00
NL13,Heating Tertiary,2010,7481,0.0001025040018932485,2010/11/08 16:00:00
NL13,Heating Tertiary,2010,7482,0.00010296800190181858,2010/11/08 17:00:00
NL13,Heating Tertiary,2010,7483,0.00010513200194178766,2010/11/08 18:00:00
NL13,Heating Tertiary,2010,7484,0.00011184800206583214,2010/11/08 19:00:00
NL13,Heating Tertiary,2010,7485,0.00012537900231574968,2010/11/08 20:00:00
NL13,Heating Tertiary,2010,7486,0.00014571000269126316,2010/11/08 21:00:00
NL13,Heating Tertiary,2010,7487,0.00016998700313965924,2010/11/08 22:00:00
NL13,Heating Tertiary,2010,7488,0.00019324800356928983,2010/11/08 23:00:00
NL13,Heating Tertiary,2010,7489,0.00022914300423227036,2010/11/09 00:00:00
NL13,Heating Tertiary,2010,7490,0.00024112600445359633,2010/11/09 01:00:00
NL13,Heating Tertiary,2010,7491,0.0002473060045677409,2010/11/09 02:00:00
NL13,Heating Tertiary,2010,7492,0.0002499920046173513,2010/11/09 03:00:00
NL13,Heating Tertiary,2010,7493,0.0002462830045488461,2010/11/09 04:00:00
NL13,Heating Tertiary,2010,7494,0.00023258900429591798,2010/11/09 05:00:00
NL13,Heating Tertiary,2010,7495,0.0002102770038838154,2010/11/09 06:00:00
NL13,Heating Tertiary,2010,7496,0.00018408500340004927,2010/11/09 07:00:00
NL13,Heating Tertiary,2010,7497,0.0001602890029605372,2010/11/09 08:00:00
NL13,Heating Tertiary,2010,7498,0.00014167100261666283,2010/11/09 09:00:00
NL13,Heating Tertiary,2010,7499,0.00012884900237984055,2010/11/09 10:00:00
NL13,Heating Tertiary,2010,7500,0.00011921800220195602,2010/11/09 11:00:00
NL13,Heating Tertiary,2010,7501,0.00011261400207998017,2010/11/09 12:00:00
NL13,Heating Tertiary,2010,7502,0.00010952000202283399,2010/11/09 13:00:00
NL13,Heating Tertiary,2010,7503,0.00010951400202272317,2010/11/09 14:00:00
NL13,Heating Tertiary,2010,7504,0.00011072000204499798,2010/11/09 15:00:00
NL13,Heating Tertiary,2010,7505,0.00011110900205218281,2010/11/09 16:00:00
NL13,Heating Tertiary,2010,7506,0.00011161200206147321,2010/11/09 17:00:00
NL13,Heating Tertiary,2010,7507,0.00011395700210478536,2010/11/09 18:00:00
NL13,Heating Tertiary,2010,7508,0.00012123800223926541,2010/11/09 19:00:00
NL13,Heating Tertiary,2010,7509,0.00013590400251014637,2010/11/09 20:00:00
NL13,Heating Tertiary,2010,7510,0.00015794200291718817,2010/11/09 21:00:00
NL13,Heating Tertiary,2010,7511,0.00018425700340322611,2010/11/09 22:00:00
NL13,Heating Tertiary,2010,7512,0.0002094710038689286,2010/11/09 23:00:00
NL13,Heating Tertiary,2010,7513,0.0002113970039045018,2010/11/10 00:00:00
NL13,Heating Tertiary,2010,7514,0.0002224520041086876,2010/11/10 01:00:00
NL13,Heating Tertiary,2010,7515,0.00022815300421398505,2010/11/10 02:00:00
NL13,Heating Tertiary,2010,7516,0.00023063200425977218,2010/11/10 03:00:00
NL13,Heating Tertiary,2010,7517,0.00022720900419654938,2010/11/10 04:00:00
NL13,Heating Tertiary,2010,7518,0.00021457600396321792,2010/11/10 05:00:00
NL13,Heating Tertiary,2010,7519,0.0001939920035830315,2010/11/10 06:00:00
NL13,Heating Tertiary,2010,7520,0.000169829003136741,2010/11/10 07:00:00
NL13,Heating Tertiary,2010,7521,0.00014787600273126917,2010/11/10 08:00:00
NL13,Heating Tertiary,2010,7522,0.0001307000024140285,2010/11/10 09:00:00
NL13,Heating Tertiary,2010,7523,0.00011887000219552846,2010/11/10 10:00:00
NL13,Heating Tertiary,2010,7524,0.00010998600203144102,2010/11/10 11:00:00
NL13,Heating Tertiary,2010,7525,0.00010389300191890333,2010/11/10 12:00:00
NL13,Heating Tertiary,2010,7526,0.00010103800186617147,2010/11/10 13:00:00
NL13,Heating Tertiary,2010,7527,0.00010103200186606066,2010/11/10 14:00:00
NL13,Heating Tertiary,2010,7528,0.00010214500188661777,2010/11/10 15:00:00
NL13,Heating Tertiary,2010,7529,0.0001025040018932485,2010/11/10 16:00:00
NL13,Heating Tertiary,2010,7530,0.00010296800190181858,2010/11/10 17:00:00
NL13,Heating Tertiary,2010,7531,0.00010513200194178766,2010/11/10 18:00:00
NL13,Heating Tertiary,2010,7532,0.00011184800206583214,2010/11/10 19:00:00
NL13,Heating Tertiary,2010,7533,0.00012537900231574968,2010/11/10 20:00:00
NL13,Heating Tertiary,2010,7534,0.00014571000269126316,2010/11/10 21:00:00
NL13,Heating Tertiary,2010,7535,0.00016998700313965924,2010/11/10 22:00:00
NL13,Heating Tertiary,2010,7536,0.00019324800356928983,2010/11/10 23:00:00
NL13,Heating Tertiary,2010,7537,0.00019453900359313458,2010/11/11 00:00:00
NL13,Heating Tertiary,2010,7538,0.00020471200378102987,2010/11/11 01:00:00
NL13,Heating Tertiary,2010,7539,0.00020995800387792348,2010/11/11 02:00:00
NL13,Heating Tertiary,2010,7540,0.00021223900392005354,2010/11/11 03:00:00
NL13,Heating Tertiary,2010,7541,0.0002090900038618915,2010/11/11 04:00:00
NL13,Heating Tertiary,2010,7542,0.00019746400364715938,2010/11/11 05:00:00
NL13,Heating Tertiary,2010,7543,0.00017852200329730072,2010/11/11 06:00:00
NL13,Heating Tertiary,2010,7544,0.00015628500288658337,2010/11/11 07:00:00
NL13,Heating Tertiary,2010,7545,0.0001360830025134525,2010/11/11 08:00:00
NL13,Heating Tertiary,2010,7546,0.00012027700222151574,2010/11/11 09:00:00
NL13,Heating Tertiary,2010,7547,0.00010939000202043289,2010/11/11 10:00:00
NL13,Heating Tertiary,2010,7548,0.0001012140018694222,2010/11/11 11:00:00
NL13,Heating Tertiary,2010,7549,9.56080017658794e-05,2010/11/11 12:00:00
NL13,Heating Tertiary,2010,7550,9.298030171734579e-05,2010/11/11 13:00:00
NL13,Heating Tertiary,2010,7551,9.297540171725528e-05,2010/11/11 14:00:00
NL13,Heating Tertiary,2010,7552,9.399900173616117e-05,2010/11/11 15:00:00
NL13,Heating Tertiary,2010,7553,9.43295017422655e-05,2010/11/11 16:00:00
NL13,Heating Tertiary,2010,7554,9.475650175015221e-05,2010/11/11 17:00:00
NL13,Heating Tertiary,2010,7555,9.67480017869352e-05,2010/11/11 18:00:00
NL13,Heating Tertiary,2010,7556,0.00010292900190109825,2010/11/11 19:00:00
NL13,Heating Tertiary,2010,7557,0.00011538000213106816,2010/11/11 20:00:00
NL13,Heating Tertiary,2010,7558,0.00013409000247664182,2010/11/11 21:00:00
NL13,Heating Tertiary,2010,7559,0.00015643100288928,2010/11/11 22:00:00
NL13,Heating Tertiary,2010,7560,0.00017783700328464878,2010/11/11 23:00:00
NL13,Heating Tertiary,2010,7561,0.00019453900359313458,2010/11/12 00:00:00
NL13,Heating Tertiary,2010,7562,0.00020471200378102987,2010/11/12 01:00:00
NL13,Heating Tertiary,2010,7563,0.00020995800387792348,2010/11/12 02:00:00
NL13,Heating Tertiary,2010,7564,0.00021223900392005354,2010/11/12 03:00:00
NL13,Heating Tertiary,2010,7565,0.0002090900038618915,2010/11/12 04:00:00
NL13,Heating Tertiary,2010,7566,0.00019746400364715938,2010/11/12 05:00:00
NL13,Heating Tertiary,2010,7567,0.00017852200329730072,2010/11/12 06:00:00
NL13,Heating Tertiary,2010,7568,0.00015628500288658337,2010/11/12 07:00:00
NL13,Heating Tertiary,2010,7569,0.0001360830025134525,2010/11/12 08:00:00
NL13,Heating Tertiary,2010,7570,0.00012027700222151574,2010/11/12 09:00:00
NL13,Heating Tertiary,2010,7571,0.00010939000202043289,2010/11/12 10:00:00
NL13,Heating Tertiary,2010,7572,0.0001012140018694222,2010/11/12 11:00:00
NL13,Heating Tertiary,2010,7573,9.56080017658794e-05,2010/11/12 12:00:00
NL13,Heating Tertiary,2010,7574,9.298030171734579e-05,2010/11/12 13:00:00
NL13,Heating Tertiary,2010,7575,9.297540171725528e-05,2010/11/12 14:00:00
NL13,Heating Tertiary,2010,7576,9.399900173616117e-05,2010/11/12 15:00:00
NL13,Heating Tertiary,2010,7577,9.43295017422655e-05,2010/11/12 16:00:00
NL13,Heating Tertiary,2010,7578,9.475650175015221e-05,2010/11/12 17:00:00
NL13,Heating Tertiary,2010,7579,9.67480017869352e-05,2010/11/12 18:00:00
NL13,Heating Tertiary,2010,7580,0.00010292900190109825,2010/11/12 19:00:00
NL13,Heating Tertiary,2010,7581,0.00011538000213106816,2010/11/12 20:00:00
NL13,Heating Tertiary,2010,7582,0.00013409000247664182,2010/11/12 21:00:00
NL13,Heating Tertiary,2010,7583,0.00015643100288928,2010/11/12 22:00:00
NL13,Heating Tertiary,2010,7584,0.00017783700328464878,2010/11/12 23:00:00
NL13,Heating Tertiary,2010,7585,0.000122318002259213,2010/11/13 00:00:00
NL13,Heating Tertiary,2010,7586,0.00012832200237010687,2010/11/13 01:00:00
NL13,Heating Tertiary,2010,7587,0.0001319000024361925,2010/11/13 02:00:00
NL13,Heating Tertiary,2010,7588,0.00013400200247501646,2010/11/13 03:00:00
NL13,Heating Tertiary,2010,7589,0.00013257800244871517,2010/11/13 04:00:00
NL13,Heating Tertiary,2010,7590,0.00012588200232504007,2010/11/13 05:00:00
NL13,Heating Tertiary,2010,7591,0.00011457800211625524,2010/11/13 06:00:00
NL13,Heating Tertiary,2010,7592,0.00010098700186522952,2010/11/13 07:00:00
NL13,Heating Tertiary,2010,7593,8.770510161991287e-05,2010/11/13 08:00:00
NL13,Heating Tertiary,2010,7594,7.694180142111475e-05,2010/11/13 09:00:00
NL13,Heating Tertiary,2010,7595,6.925730127918207e-05,2010/11/13 10:00:00
NL13,Heating Tertiary,2010,7596,6.363550117534745e-05,2010/11/13 11:00:00
NL13,Heating Tertiary,2010,7597,5.957540110035742e-05,2010/11/13 12:00:00
NL13,Heating Tertiary,2010,7598,5.766580106508711e-05,2010/11/13 13:00:00
NL13,Heating Tertiary,2010,7599,5.7796501067501144e-05,2010/11/13 14:00:00
NL13,Heating Tertiary,2010,7600,5.86194010827001e-05,2010/11/13 15:00:00
NL13,Heating Tertiary,2010,7601,5.8912801088119194e-05,2010/11/13 16:00:00
NL13,Heating Tertiary,2010,7602,5.8834001086663765e-05,2010/11/13 17:00:00
NL13,Heating Tertiary,2010,7603,5.93977010970753e-05,2010/11/13 18:00:00
NL13,Heating Tertiary,2010,7604,6.249000115419007e-05,2010/11/13 19:00:00
NL13,Heating Tertiary,2010,7605,7.020050129660298e-05,2010/11/13 20:00:00
NL13,Heating Tertiary,2010,7606,8.25147015240462e-05,2010/11/13 21:00:00
NL13,Heating Tertiary,2010,7607,9.779700180631023e-05,2010/11/13 22:00:00
NL13,Heating Tertiary,2010,7608,0.00011183000206549969,2010/11/13 23:00:00
NL13,Heating Tertiary,2010,7609,0.00014124300260875768,2010/11/14 00:00:00
NL13,Heating Tertiary,2010,7610,0.00015017500277373172,2010/11/14 01:00:00
NL13,Heating Tertiary,2010,7611,0.00015419600284799953,2010/11/14 02:00:00
NL13,Heating Tertiary,2010,7612,0.00015583300287823492,2010/11/14 03:00:00
NL13,Heating Tertiary,2010,7613,0.00015352100283553234,2010/11/14 04:00:00
NL13,Heating Tertiary,2010,7614,0.00014578100269257454,2010/11/14 05:00:00
NL13,Heating Tertiary,2010,7615,0.00013303800245721134,2010/11/14 06:00:00
NL13,Heating Tertiary,2010,7616,0.00011763500217271801,2010/11/14 07:00:00
NL13,Heating Tertiary,2010,7617,0.0001029240019010059,2010/11/14 08:00:00
NL13,Heating Tertiary,2010,7618,9.143810168886137e-05,2010/11/14 09:00:00
NL13,Heating Tertiary,2010,7619,8.357110154355791e-05,2010/11/14 10:00:00
NL13,Heating Tertiary,2010,7620,7.756070143254583e-05,2010/11/14 11:00:00
NL13,Heating Tertiary,2010,7621,7.27991013445991e-05,2010/11/14 12:00:00
NL13,Heating Tertiary,2010,7622,7.01429012955391e-05,2010/11/14 13:00:00
NL13,Heating Tertiary,2010,7623,6.892620127306665e-05,2010/11/14 14:00:00
NL13,Heating Tertiary,2010,7624,6.844100126410502e-05,2010/11/14 15:00:00
NL13,Heating Tertiary,2010,7625,6.754430124754297e-05,2010/11/14 16:00:00
NL13,Heating Tertiary,2010,7626,6.714880124023809e-05,2010/11/14 17:00:00
NL13,Heating Tertiary,2010,7627,6.81248012582648e-05,2010/11/14 18:00:00
NL13,Heating Tertiary,2010,7628,7.205030133076877e-05,2010/11/14 19:00:00
NL13,Heating Tertiary,2010,7629,8.0554701487845e-05,2010/11/14 20:00:00
NL13,Heating Tertiary,2010,7630,9.350390172701668e-05,2010/11/14 21:00:00
NL13,Heating Tertiary,2010,7631,0.0001099230020302774,2010/11/14 22:00:00
NL13,Heating Tertiary,2010,7632,0.00012709800234749958,2010/11/14 23:00:00
NL13,Heating Tertiary,2010,7633,0.00010048600185597605,2010/11/15 00:00:00
NL13,Heating Tertiary,2010,7634,0.00010574100195303588,2010/11/15 01:00:00
NL13,Heating Tertiary,2010,7635,0.00010845100200308956,2010/11/15 02:00:00
NL13,Heating Tertiary,2010,7636,0.00010962800202482875,2010/11/15 03:00:00
NL13,Heating Tertiary,2010,7637,0.00010800200199479653,2010/11/15 04:00:00
NL13,Heating Tertiary,2010,7638,0.00010199700188388421,2010/11/15 05:00:00
NL13,Heating Tertiary,2010,7639,9.221230170316083e-05,2010/11/15 06:00:00
NL13,Heating Tertiary,2010,7640,8.07268014910237e-05,2010/11/15 07:00:00
NL13,Heating Tertiary,2010,7641,7.029150129828375e-05,2010/11/15 08:00:00
NL13,Heating Tertiary,2010,7642,6.212670114747991e-05,2010/11/15 09:00:00
NL13,Heating Tertiary,2010,7643,5.650390104362683e-05,2010/11/15 10:00:00
NL13,Heating Tertiary,2010,7644,5.228080096562618e-05,2010/11/15 11:00:00
NL13,Heating Tertiary,2010,7645,4.938470091213523e-05,2010/11/15 12:00:00
NL13,Heating Tertiary,2010,7646,4.80274008870659e-05,2010/11/15 13:00:00
NL13,Heating Tertiary,2010,7647,4.802490088701973e-05,2010/11/15 14:00:00
NL13,Heating Tertiary,2010,7648,4.855360089678481e-05,2010/11/15 15:00:00
NL13,Heating Tertiary,2010,7649,4.872440089993949e-05,2010/11/15 16:00:00
NL13,Heating Tertiary,2010,7650,4.8945000904013965e-05,2010/11/15 17:00:00
NL13,Heating Tertiary,2010,7651,4.99736009230122e-05,2010/11/15 18:00:00
NL13,Heating Tertiary,2010,7652,5.316610098197767e-05,2010/11/15 19:00:00
NL13,Heating Tertiary,2010,7653,5.959790110077299e-05,2010/11/15 20:00:00
NL13,Heating Tertiary,2010,7654,6.926230127927443e-05,2010/11/15 21:00:00
NL13,Heating Tertiary,2010,7655,8.080170149240709e-05,2010/11/15 22:00:00
NL13,Heating Tertiary,2010,7656,9.185890169663355e-05,2010/11/15 23:00:00
NL13,Heating Tertiary,2010,7657,0.0001787890033022322,2010/11/16 00:00:00
NL13,Heating Tertiary,2010,7658,0.00018813900347492663,2010/11/16 01:00:00
NL13,Heating Tertiary,2010,7659,0.00019296100356398896,2010/11/16 02:00:00
NL13,Heating Tertiary,2010,7660,0.00019505700360270204,2010/11/16 03:00:00
NL13,Heating Tertiary,2010,7661,0.00019216200354923142,2010/11/16 04:00:00
NL13,Heating Tertiary,2010,7662,0.000181478003351898,2010/11/16 05:00:00
NL13,Heating Tertiary,2010,7663,0.00016406900303035386,2010/11/16 06:00:00
NL13,Heating Tertiary,2010,7664,0.00014363300265290093,2010/11/16 07:00:00
NL13,Heating Tertiary,2010,7665,0.00012506600230996855,2010/11/16 08:00:00
NL13,Heating Tertiary,2010,7666,0.00011053900204165492,2010/11/16 09:00:00
NL13,Heating Tertiary,2010,7667,0.00010053400185686261,2010/11/16 10:00:00
NL13,Heating Tertiary,2010,7668,9.302060171809014e-05,2010/11/16 11:00:00
NL13,Heating Tertiary,2010,7669,8.786790162291979e-05,2010/11/16 12:00:00
NL13,Heating Tertiary,2010,7670,8.545310157831844e-05,2010/11/16 13:00:00
NL13,Heating Tertiary,2010,7671,8.544810157822608e-05,2010/11/16 14:00:00
NL13,Heating Tertiary,2010,7672,8.638880159560082e-05,2010/11/16 15:00:00
NL13,Heating Tertiary,2010,7673,8.669260160121199e-05,2010/11/16 16:00:00
NL13,Heating Tertiary,2010,7674,8.70856016084707e-05,2010/11/16 17:00:00
NL13,Heating Tertiary,2010,7675,8.89156016422708e-05,2010/11/16 18:00:00
NL13,Heating Tertiary,2010,7676,9.459560174718039e-05,2010/11/16 19:00:00
NL13,Heating Tertiary,2010,7677,0.0001060400019585584,2010/11/16 20:00:00
NL13,Heating Tertiary,2010,7678,0.00012323400227613152,2010/11/16 21:00:00
NL13,Heating Tertiary,2010,7679,0.00014376700265537594,2010/11/16 22:00:00
NL13,Heating Tertiary,2010,7680,0.0001634400030187362,2010/11/16 23:00:00
NL13,Heating Tertiary,2010,7681,0.0002113970039045018,2010/11/17 00:00:00
NL13,Heating Tertiary,2010,7682,0.0002224520041086876,2010/11/17 01:00:00
NL13,Heating Tertiary,2010,7683,0.00022815300421398505,2010/11/17 02:00:00
NL13,Heating Tertiary,2010,7684,0.00023063200425977218,2010/11/17 03:00:00
NL13,Heating Tertiary,2010,7685,0.00022720900419654938,2010/11/17 04:00:00
NL13,Heating Tertiary,2010,7686,0.00021457600396321792,2010/11/17 05:00:00
NL13,Heating Tertiary,2010,7687,0.0001939920035830315,2010/11/17 06:00:00
NL13,Heating Tertiary,2010,7688,0.000169829003136741,2010/11/17 07:00:00
NL13,Heating Tertiary,2010,7689,0.00014787600273126917,2010/11/17 08:00:00
NL13,Heating Tertiary,2010,7690,0.0001307000024140285,2010/11/17 09:00:00
NL13,Heating Tertiary,2010,7691,0.00011887000219552846,2010/11/17 10:00:00
NL13,Heating Tertiary,2010,7692,0.00010998600203144102,2010/11/17 11:00:00
NL13,Heating Tertiary,2010,7693,0.00010389300191890333,2010/11/17 12:00:00
NL13,Heating Tertiary,2010,7694,0.00010103800186617147,2010/11/17 13:00:00
NL13,Heating Tertiary,2010,7695,0.00010103200186606066,2010/11/17 14:00:00
NL13,Heating Tertiary,2010,7696,0.00010214500188661777,2010/11/17 15:00:00
NL13,Heating Tertiary,2010,7697,0.0001025040018932485,2010/11/17 16:00:00
NL13,Heating Tertiary,2010,7698,0.00010296800190181858,2010/11/17 17:00:00
NL13,Heating Tertiary,2010,7699,0.00010513200194178766,2010/11/17 18:00:00
NL13,Heating Tertiary,2010,7700,0.00011184800206583214,2010/11/17 19:00:00
NL13,Heating Tertiary,2010,7701,0.00012537900231574968,2010/11/17 20:00:00
NL13,Heating Tertiary,2010,7702,0.00014571000269126316,2010/11/17 21:00:00
NL13,Heating Tertiary,2010,7703,0.00016998700313965924,2010/11/17 22:00:00
NL13,Heating Tertiary,2010,7704,0.00019324800356928983,2010/11/17 23:00:00
NL13,Heating Tertiary,2010,7705,0.0002113970039045018,2010/11/18 00:00:00
NL13,Heating Tertiary,2010,7706,0.0002224520041086876,2010/11/18 01:00:00
NL13,Heating Tertiary,2010,7707,0.00022815300421398505,2010/11/18 02:00:00
NL13,Heating Tertiary,2010,7708,0.00023063200425977218,2010/11/18 03:00:00
NL13,Heating Tertiary,2010,7709,0.00022720900419654938,2010/11/18 04:00:00
NL13,Heating Tertiary,2010,7710,0.00021457600396321792,2010/11/18 05:00:00
NL13,Heating Tertiary,2010,7711,0.0001939920035830315,2010/11/18 06:00:00
NL13,Heating Tertiary,2010,7712,0.000169829003136741,2010/11/18 07:00:00
NL13,Heating Tertiary,2010,7713,0.00014787600273126917,2010/11/18 08:00:00
NL13,Heating Tertiary,2010,7714,0.0001307000024140285,2010/11/18 09:00:00
NL13,Heating Tertiary,2010,7715,0.00011887000219552846,2010/11/18 10:00:00
NL13,Heating Tertiary,2010,7716,0.00010998600203144102,2010/11/18 11:00:00
NL13,Heating Tertiary,2010,7717,0.00010389300191890333,2010/11/18 12:00:00
NL13,Heating Tertiary,2010,7718,0.00010103800186617147,2010/11/18 13:00:00
NL13,Heating Tertiary,2010,7719,0.00010103200186606066,2010/11/18 14:00:00
NL13,Heating Tertiary,2010,7720,0.00010214500188661777,2010/11/18 15:00:00
NL13,Heating Tertiary,2010,7721,0.0001025040018932485,2010/11/18 16:00:00
NL13,Heating Tertiary,2010,7722,0.00010296800190181858,2010/11/18 17:00:00
NL13,Heating Tertiary,2010,7723,0.00010513200194178766,2010/11/18 18:00:00
NL13,Heating Tertiary,2010,7724,0.00011184800206583214,2010/11/18 19:00:00
NL13,Heating Tertiary,2010,7725,0.00012537900231574968,2010/11/18 20:00:00
NL13,Heating Tertiary,2010,7726,0.00014571000269126316,2010/11/18 21:00:00
NL13,Heating Tertiary,2010,7727,0.00016998700313965924,2010/11/18 22:00:00
NL13,Heating Tertiary,2010,7728,0.00019324800356928983,2010/11/18 23:00:00
NL13,Heating Tertiary,2010,7729,0.0002113970039045018,2010/11/19 00:00:00
NL13,Heating Tertiary,2010,7730,0.0002224520041086876,2010/11/19 01:00:00
NL13,Heating Tertiary,2010,7731,0.00022815300421398505,2010/11/19 02:00:00
NL13,Heating Tertiary,2010,7732,0.00023063200425977218,2010/11/19 03:00:00
NL13,Heating Tertiary,2010,7733,0.00022720900419654938,2010/11/19 04:00:00
NL13,Heating Tertiary,2010,7734,0.00021457600396321792,2010/11/19 05:00:00
NL13,Heating Tertiary,2010,7735,0.0001939920035830315,2010/11/19 06:00:00
NL13,Heating Tertiary,2010,7736,0.000169829003136741,2010/11/19 07:00:00
NL13,Heating Tertiary,2010,7737,0.00014787600273126917,2010/11/19 08:00:00
NL13,Heating Tertiary,2010,7738,0.0001307000024140285,2010/11/19 09:00:00
NL13,Heating Tertiary,2010,7739,0.00011887000219552846,2010/11/19 10:00:00
NL13,Heating Tertiary,2010,7740,0.00010998600203144102,2010/11/19 11:00:00
NL13,Heating Tertiary,2010,7741,0.00010389300191890333,2010/11/19 12:00:00
NL13,Heating Tertiary,2010,7742,0.00010103800186617147,2010/11/19 13:00:00
NL13,Heating Tertiary,2010,7743,0.00010103200186606066,2010/11/19 14:00:00
NL13,Heating Tertiary,2010,7744,0.00010214500188661777,2010/11/19 15:00:00
NL13,Heating Tertiary,2010,7745,0.0001025040018932485,2010/11/19 16:00:00
NL13,Heating Tertiary,2010,7746,0.00010296800190181858,2010/11/19 17:00:00
NL13,Heating Tertiary,2010,7747,0.00010513200194178766,2010/11/19 18:00:00
NL13,Heating Tertiary,2010,7748,0.00011184800206583214,2010/11/19 19:00:00
NL13,Heating Tertiary,2010,7749,0.00012537900231574968,2010/11/19 20:00:00
NL13,Heating Tertiary,2010,7750,0.00014571000269126316,2010/11/19 21:00:00
NL13,Heating Tertiary,2010,7751,0.00016998700313965924,2010/11/19 22:00:00
NL13,Heating Tertiary,2010,7752,0.00019324800356928983,2010/11/19 23:00:00
NL13,Heating Tertiary,2010,7753,0.0002049140037847608,2010/11/20 00:00:00
NL13,Heating Tertiary,2010,7754,0.00021497300397055054,2010/11/20 01:00:00
NL13,Heating Tertiary,2010,7755,0.0002209670040812597,2010/11/20 02:00:00
NL13,Heating Tertiary,2010,7756,0.000224489004146311,2010/11/20 03:00:00
NL13,Heating Tertiary,2010,7757,0.0002221030041022416,2010/11/20 04:00:00
NL13,Heating Tertiary,2010,7758,0.0002108870038950821,2010/11/20 05:00:00
NL13,Heating Tertiary,2010,7759,0.00019194900354529732,2010/11/20 06:00:00
NL13,Heating Tertiary,2010,7760,0.00016918000312475399,2010/11/20 07:00:00
NL13,Heating Tertiary,2010,7761,0.00014692900271377808,2010/11/20 08:00:00
NL13,Heating Tertiary,2010,7762,0.00012889700238072712,2010/11/20 09:00:00
NL13,Heating Tertiary,2010,7763,0.00011602400214296285,2010/11/20 10:00:00
NL13,Heating Tertiary,2010,7764,0.00010660700196903089,2010/11/20 11:00:00
NL13,Heating Tertiary,2010,7765,9.980460184339059e-05,2010/11/20 12:00:00
NL13,Heating Tertiary,2010,7766,9.660560178430507e-05,2010/11/20 13:00:00
NL13,Heating Tertiary,2010,7767,9.682410178834077e-05,2010/11/20 14:00:00
NL13,Heating Tertiary,2010,7768,9.82029018138072e-05,2010/11/20 15:00:00
NL13,Heating Tertiary,2010,7769,9.869430182288335e-05,2010/11/20 16:00:00
NL13,Heating Tertiary,2010,7770,9.856250182044901e-05,2010/11/20 17:00:00
NL13,Heating Tertiary,2010,7771,9.950690183789208e-05,2010/11/20 18:00:00
NL13,Heating Tertiary,2010,7772,0.0001046870019335685,2010/11/20 19:00:00
NL13,Heating Tertiary,2010,7773,0.00011760400217214545,2010/11/20 20:00:00
NL13,Heating Tertiary,2010,7774,0.00013823400255318148,2010/11/20 21:00:00
NL13,Heating Tertiary,2010,7775,0.00016383600302605033,2010/11/20 22:00:00
NL13,Heating Tertiary,2010,7776,0.00018734500346026146,2010/11/20 23:00:00
NL13,Heating Tertiary,2010,7777,0.00020800900384192544,2010/11/21 00:00:00
NL13,Heating Tertiary,2010,7778,0.00022116400408489823,2010/11/21 01:00:00
NL13,Heating Tertiary,2010,7779,0.00022708700419429604,2010/11/21 02:00:00
NL13,Heating Tertiary,2010,7780,0.00022949700423880874,2010/11/21 03:00:00
NL13,Heating Tertiary,2010,7781,0.0002260920041759184,2010/11/21 04:00:00
NL13,Heating Tertiary,2010,7782,0.00021469400396539737,2010/11/21 05:00:00
NL13,Heating Tertiary,2010,7783,0.00019592600361875248,2010/11/21 06:00:00
NL13,Heating Tertiary,2010,7784,0.00017324200319977914,2010/11/21 07:00:00
NL13,Heating Tertiary,2010,7785,0.0001515780027996451,2010/11/21 08:00:00
NL13,Heating Tertiary,2010,7786,0.00013466200248720664,2010/11/21 09:00:00
NL13,Heating Tertiary,2010,7787,0.00012307600227321326,2010/11/21 10:00:00
NL13,Heating Tertiary,2010,7788,0.00011422500210973532,2010/11/21 11:00:00
NL13,Heating Tertiary,2010,7789,0.00010721200198020524,2010/11/21 12:00:00
NL13,Heating Tertiary,2010,7790,0.00010330100190796908,2010/11/21 13:00:00
NL13,Heating Tertiary,2010,7791,0.00010150900187487086,2010/11/21 14:00:00
NL13,Heating Tertiary,2010,7792,0.0001007940018616648,2010/11/21 15:00:00
NL13,Heating Tertiary,2010,7793,9.947350183727517e-05,2010/11/21 16:00:00
NL13,Heating Tertiary,2010,7794,9.889110182651824e-05,2010/11/21 17:00:00
NL13,Heating Tertiary,2010,7795,0.00010032800185305779,2010/11/21 18:00:00
NL13,Heating Tertiary,2010,7796,0.00010610900195983283,2010/11/21 19:00:00
NL13,Heating Tertiary,2010,7797,0.00011863400219116954,2010/11/21 20:00:00
NL13,Heating Tertiary,2010,7798,0.00013770500254341086,2010/11/21 21:00:00
NL13,Heating Tertiary,2010,7799,0.00016188400298999686,2010/11/21 22:00:00
NL13,Heating Tertiary,2010,7800,0.00018717800345717696,2010/11/21 23:00:00
NL13,Heating Tertiary,2010,7801,0.0001787890033022322,2010/11/22 00:00:00
NL13,Heating Tertiary,2010,7802,0.00018813900347492663,2010/11/22 01:00:00
NL13,Heating Tertiary,2010,7803,0.00019296100356398896,2010/11/22 02:00:00
NL13,Heating Tertiary,2010,7804,0.00019505700360270204,2010/11/22 03:00:00
NL13,Heating Tertiary,2010,7805,0.00019216200354923142,2010/11/22 04:00:00
NL13,Heating Tertiary,2010,7806,0.000181478003351898,2010/11/22 05:00:00
NL13,Heating Tertiary,2010,7807,0.00016406900303035386,2010/11/22 06:00:00
NL13,Heating Tertiary,2010,7808,0.00014363300265290093,2010/11/22 07:00:00
NL13,Heating Tertiary,2010,7809,0.00012506600230996855,2010/11/22 08:00:00
NL13,Heating Tertiary,2010,7810,0.00011053900204165492,2010/11/22 09:00:00
NL13,Heating Tertiary,2010,7811,0.00010053400185686261,2010/11/22 10:00:00
NL13,Heating Tertiary,2010,7812,9.302060171809014e-05,2010/11/22 11:00:00
NL13,Heating Tertiary,2010,7813,8.786790162291979e-05,2010/11/22 12:00:00
NL13,Heating Tertiary,2010,7814,8.545310157831844e-05,2010/11/22 13:00:00
NL13,Heating Tertiary,2010,7815,8.544810157822608e-05,2010/11/22 14:00:00
NL13,Heating Tertiary,2010,7816,8.638880159560082e-05,2010/11/22 15:00:00
NL13,Heating Tertiary,2010,7817,8.669260160121199e-05,2010/11/22 16:00:00
NL13,Heating Tertiary,2010,7818,8.70856016084707e-05,2010/11/22 17:00:00
NL13,Heating Tertiary,2010,7819,8.89156016422708e-05,2010/11/22 18:00:00
NL13,Heating Tertiary,2010,7820,9.459560174718039e-05,2010/11/22 19:00:00
NL13,Heating Tertiary,2010,7821,0.0001060400019585584,2010/11/22 20:00:00
NL13,Heating Tertiary,2010,7822,0.00012323400227613152,2010/11/22 21:00:00
NL13,Heating Tertiary,2010,7823,0.00014376700265537594,2010/11/22 22:00:00
NL13,Heating Tertiary,2010,7824,0.0001634400030187362,2010/11/22 23:00:00
NL13,Heating Tertiary,2010,7825,0.00019453900359313458,2010/11/23 00:00:00
NL13,Heating Tertiary,2010,7826,0.00020471200378102987,2010/11/23 01:00:00
NL13,Heating Tertiary,2010,7827,0.00020995800387792348,2010/11/23 02:00:00
NL13,Heating Tertiary,2010,7828,0.00021223900392005354,2010/11/23 03:00:00
NL13,Heating Tertiary,2010,7829,0.0002090900038618915,2010/11/23 04:00:00
NL13,Heating Tertiary,2010,7830,0.00019746400364715938,2010/11/23 05:00:00
NL13,Heating Tertiary,2010,7831,0.00017852200329730072,2010/11/23 06:00:00
NL13,Heating Tertiary,2010,7832,0.00015628500288658337,2010/11/23 07:00:00
NL13,Heating Tertiary,2010,7833,0.0001360830025134525,2010/11/23 08:00:00
NL13,Heating Tertiary,2010,7834,0.00012027700222151574,2010/11/23 09:00:00
NL13,Heating Tertiary,2010,7835,0.00010939000202043289,2010/11/23 10:00:00
NL13,Heating Tertiary,2010,7836,0.0001012140018694222,2010/11/23 11:00:00
NL13,Heating Tertiary,2010,7837,9.56080017658794e-05,2010/11/23 12:00:00
NL13,Heating Tertiary,2010,7838,9.298030171734579e-05,2010/11/23 13:00:00
NL13,Heating Tertiary,2010,7839,9.297540171725528e-05,2010/11/23 14:00:00
NL13,Heating Tertiary,2010,7840,9.399900173616117e-05,2010/11/23 15:00:00
NL13,Heating Tertiary,2010,7841,9.43295017422655e-05,2010/11/23 16:00:00
NL13,Heating Tertiary,2010,7842,9.475650175015221e-05,2010/11/23 17:00:00
NL13,Heating Tertiary,2010,7843,9.67480017869352e-05,2010/11/23 18:00:00
NL13,Heating Tertiary,2010,7844,0.00010292900190109825,2010/11/23 19:00:00
NL13,Heating Tertiary,2010,7845,0.00011538000213106816,2010/11/23 20:00:00
NL13,Heating Tertiary,2010,7846,0.00013409000247664182,2010/11/23 21:00:00
NL13,Heating Tertiary,2010,7847,0.00015643100288928,2010/11/23 22:00:00
NL13,Heating Tertiary,2010,7848,0.00017783700328464878,2010/11/23 23:00:00
NL13,Heating Tertiary,2010,7849,0.0002113970039045018,2010/11/24 00:00:00
NL13,Heating Tertiary,2010,7850,0.0002224520041086876,2010/11/24 01:00:00
NL13,Heating Tertiary,2010,7851,0.00022815300421398505,2010/11/24 02:00:00
NL13,Heating Tertiary,2010,7852,0.00023063200425977218,2010/11/24 03:00:00
NL13,Heating Tertiary,2010,7853,0.00022720900419654938,2010/11/24 04:00:00
NL13,Heating Tertiary,2010,7854,0.00021457600396321792,2010/11/24 05:00:00
NL13,Heating Tertiary,2010,7855,0.0001939920035830315,2010/11/24 06:00:00
NL13,Heating Tertiary,2010,7856,0.000169829003136741,2010/11/24 07:00:00
NL13,Heating Tertiary,2010,7857,0.00014787600273126917,2010/11/24 08:00:00
NL13,Heating Tertiary,2010,7858,0.0001307000024140285,2010/11/24 09:00:00
NL13,Heating Tertiary,2010,7859,0.00011887000219552846,2010/11/24 10:00:00
NL13,Heating Tertiary,2010,7860,0.00010998600203144102,2010/11/24 11:00:00
NL13,Heating Tertiary,2010,7861,0.00010389300191890333,2010/11/24 12:00:00
NL13,Heating Tertiary,2010,7862,0.00010103800186617147,2010/11/24 13:00:00
NL13,Heating Tertiary,2010,7863,0.00010103200186606066,2010/11/24 14:00:00
NL13,Heating Tertiary,2010,7864,0.00010214500188661777,2010/11/24 15:00:00
NL13,Heating Tertiary,2010,7865,0.0001025040018932485,2010/11/24 16:00:00
NL13,Heating Tertiary,2010,7866,0.00010296800190181858,2010/11/24 17:00:00
NL13,Heating Tertiary,2010,7867,0.00010513200194178766,2010/11/24 18:00:00
NL13,Heating Tertiary,2010,7868,0.00011184800206583214,2010/11/24 19:00:00
NL13,Heating Tertiary,2010,7869,0.00012537900231574968,2010/11/24 20:00:00
NL13,Heating Tertiary,2010,7870,0.00014571000269126316,2010/11/24 21:00:00
NL13,Heating Tertiary,2010,7871,0.00016998700313965924,2010/11/24 22:00:00
NL13,Heating Tertiary,2010,7872,0.00019324800356928983,2010/11/24 23:00:00
NL13,Heating Tertiary,2010,7873,0.0002481090045825723,2010/11/25 00:00:00
NL13,Heating Tertiary,2010,7874,0.0002610840048222205,2010/11/25 01:00:00
NL13,Heating Tertiary,2010,7875,0.00026777500494580325,2010/11/25 02:00:00
NL13,Heating Tertiary,2010,7876,0.000270683004999514,2010/11/25 03:00:00
NL13,Heating Tertiary,2010,7877,0.0002666670049253385,2010/11/25 04:00:00
NL13,Heating Tertiary,2010,7878,0.00025184000465148387,2010/11/25 05:00:00
NL13,Heating Tertiary,2010,7879,0.0002276820042052857,2010/11/25 06:00:00
NL13,Heating Tertiary,2010,7880,0.00019932100368145813,2010/11/25 07:00:00
NL13,Heating Tertiary,2010,7881,0.00017355600320557863,2010/11/25 08:00:00
NL13,Heating Tertiary,2010,7882,0.00015339700283324207,2010/11/25 09:00:00
NL13,Heating Tertiary,2010,7883,0.00013951400257682307,2010/11/25 10:00:00
NL13,Heating Tertiary,2010,7884,0.00012908600238421795,2010/11/25 11:00:00
NL13,Heating Tertiary,2010,7885,0.000121935002252139,2010/11/25 12:00:00
NL13,Heating Tertiary,2010,7886,0.00011858400219024605,2010/11/25 13:00:00
NL13,Heating Tertiary,2010,7887,0.00011857800219013523,2010/11/25 14:00:00
NL13,Heating Tertiary,2010,7888,0.00011988400221425704,2010/11/25 15:00:00
NL13,Heating Tertiary,2010,7889,0.00012030500222203291,2010/11/25 16:00:00
NL13,Heating Tertiary,2010,7890,0.00012085000223209905,2010/11/25 17:00:00
NL13,Heating Tertiary,2010,7891,0.00012339000227901283,2010/11/25 18:00:00
NL13,Heating Tertiary,2010,7892,0.00013127200242459336,2010/11/25 19:00:00
NL13,Heating Tertiary,2010,7893,0.00014715300271791535,2010/11/25 20:00:00
NL13,Heating Tertiary,2010,7894,0.00017101400315862794,2010/11/25 21:00:00
NL13,Heating Tertiary,2010,7895,0.00019950800368491204,2010/11/25 22:00:00
NL13,Heating Tertiary,2010,7896,0.0002268080041891429,2010/11/25 23:00:00
NL13,Heating Tertiary,2010,7897,0.0002675190049410749,2010/11/26 00:00:00
NL13,Heating Tertiary,2010,7898,0.0002815090051994702,2010/11/26 01:00:00
NL13,Heating Tertiary,2010,7899,0.00028872300533271274,2010/11/26 02:00:00
NL13,Heating Tertiary,2010,7900,0.0002918590053906347,2010/11/26 03:00:00
NL13,Heating Tertiary,2010,7901,0.0002875280053106411,2010/11/26 04:00:00
NL13,Heating Tertiary,2010,7902,0.00027154100501536126,2010/11/26 05:00:00
NL13,Heating Tertiary,2010,7903,0.0002454930045342548,2010/11/26 06:00:00
NL13,Heating Tertiary,2010,7904,0.00021491400396946077,2010/11/26 07:00:00
NL13,Heating Tertiary,2010,7905,0.00018713300345634583,2010/11/26 08:00:00
NL13,Heating Tertiary,2010,7906,0.00016539800305490044,2010/11/26 09:00:00
NL13,Heating Tertiary,2010,7907,0.00015042700277838618,2010/11/26 10:00:00
NL13,Heating Tertiary,2010,7908,0.00013918400257072796,2010/11/26 11:00:00
NL13,Heating Tertiary,2010,7909,0.00013147400242832427,2010/11/26 12:00:00
NL13,Heating Tertiary,2010,7910,0.0001278610023615922,2010/11/26 13:00:00
NL13,Heating Tertiary,2010,7911,0.0001278540023614629,2010/11/26 14:00:00
NL13,Heating Tertiary,2010,7912,0.00012926200238746866,2010/11/26 15:00:00
NL13,Heating Tertiary,2010,7913,0.00012971700239587251,2010/11/26 16:00:00
NL13,Heating Tertiary,2010,7914,0.0001303040024067144,2010/11/26 17:00:00
NL13,Heating Tertiary,2010,7915,0.0001330430024573037,2010/11/26 18:00:00
NL13,Heating Tertiary,2010,7916,0.00014154200261428022,2010/11/26 19:00:00
NL13,Heating Tertiary,2010,7917,0.00015866400293052348,2010/11/26 20:00:00
NL13,Heating Tertiary,2010,7918,0.00018439300340573802,2010/11/26 21:00:00
NL13,Heating Tertiary,2010,7919,0.00021511500397317326,2010/11/26 22:00:00
NL13,Heating Tertiary,2010,7920,0.00024455100451685604,2010/11/26 23:00:00
NL13,Heating Tertiary,2010,7921,0.0003387980062575978,2010/11/27 00:00:00
NL13,Heating Tertiary,2010,7922,0.0003554290065647725,2010/11/27 01:00:00
NL13,Heating Tertiary,2010,7923,0.0003653400067478284,2010/11/27 02:00:00
NL13,Heating Tertiary,2010,7924,0.00037116200685536076,2010/11/27 03:00:00
NL13,Heating Tertiary,2010,7925,0.00036721700678249663,2010/11/27 04:00:00
NL13,Heating Tertiary,2010,7926,0.0003486720064399706,2010/11/27 05:00:00
NL13,Heating Tertiary,2010,7927,0.0003173610058616565,2010/11/27 06:00:00
NL13,Heating Tertiary,2010,7928,0.0002797160051663535,2010/11/27 07:00:00
NL13,Heating Tertiary,2010,7929,0.00024292800448687924,2010/11/27 08:00:00
NL13,Heating Tertiary,2010,7930,0.00021311400393621478,2010/11/27 09:00:00
NL13,Heating Tertiary,2010,7931,0.0001918300035430994,2010/11/27 10:00:00
NL13,Heating Tertiary,2010,7932,0.00017625900325550305,2010/11/27 11:00:00
NL13,Heating Tertiary,2010,7933,0.0001650130030477895,2010/11/27 12:00:00
NL13,Heating Tertiary,2010,7934,0.00015972400295010167,2010/11/27 13:00:00
NL13,Heating Tertiary,2010,7935,0.00016008600295678785,2010/11/27 14:00:00
NL13,Heating Tertiary,2010,7936,0.00016236500299888096,2010/11/27 15:00:00
NL13,Heating Tertiary,2010,7937,0.00016317800301389706,2010/11/27 16:00:00
NL13,Heating Tertiary,2010,7938,0.00016295900300985212,2010/11/27 17:00:00
NL13,Heating Tertiary,2010,7939,0.00016452100303870226,2010/11/27 18:00:00
NL13,Heating Tertiary,2010,7940,0.00017308600319689772,2010/11/27 19:00:00
NL13,Heating Tertiary,2010,7941,0.00019444200359134304,2010/11/27 20:00:00
NL13,Heating Tertiary,2010,7942,0.0002285510042213361,2010/11/27 21:00:00
NL13,Heating Tertiary,2010,7943,0.0002708800050031526,2010/11/27 22:00:00
NL13,Heating Tertiary,2010,7944,0.0003097490057210629,2010/11/27 23:00:00
NL13,Heating Tertiary,2010,7945,0.00036597300675952,2010/11/28 00:00:00
NL13,Heating Tertiary,2010,7946,0.0003891180071870081,2010/11/28 01:00:00
NL13,Heating Tertiary,2010,7947,0.0003995380073794654,2010/11/28 02:00:00
NL13,Heating Tertiary,2010,7948,0.0004037780074577782,2010/11/28 03:00:00
NL13,Heating Tertiary,2010,7949,0.0003977870073471244,2010/11/28 04:00:00
NL13,Heating Tertiary,2010,7950,0.00037773400697674553,2010/11/28 05:00:00
NL13,Heating Tertiary,2010,7951,0.0003447130063668478,2010/11/28 06:00:00
NL13,Heating Tertiary,2010,7952,0.0003048040056297288,2010/11/28 07:00:00
NL13,Heating Tertiary,2010,7953,0.0002666870049257079,2010/11/28 08:00:00
NL13,Heating Tertiary,2010,7954,0.00023692600437602232,2010/11/28 09:00:00
NL13,Heating Tertiary,2010,7955,0.00021654100399951147,2010/11/28 10:00:00
NL13,Heating Tertiary,2010,7956,0.0002009680037118782,2010/11/28 11:00:00
NL13,Heating Tertiary,2010,7957,0.00018862900348397691,2010/11/28 12:00:00
NL13,Heating Tertiary,2010,7958,0.00018174800335688486,2010/11/28 13:00:00
NL13,Heating Tertiary,2010,7959,0.00017859600329866743,2010/11/28 14:00:00
NL13,Heating Tertiary,2010,7960,0.00017733700327541378,2010/11/28 15:00:00
NL13,Heating Tertiary,2010,7961,0.00017501400323250793,2010/11/28 16:00:00
NL13,Heating Tertiary,2010,7962,0.00017399000321359465,2010/11/28 17:00:00
NL13,Heating Tertiary,2010,7963,0.0001765180032602868,2010/11/28 18:00:00
NL13,Heating Tertiary,2010,7964,0.00018668900344814512,2010/11/28 19:00:00
NL13,Heating Tertiary,2010,7965,0.00020872600385516844,2010/11/28 20:00:00
NL13,Heating Tertiary,2010,7966,0.00024227800447487375,2010/11/28 21:00:00
NL13,Heating Tertiary,2010,7967,0.0002848210052606428,2010/11/28 22:00:00
NL13,Heating Tertiary,2010,7968,0.00032932200608257607,2010/11/28 23:00:00
NL13,Heating Tertiary,2010,7969,0.0003634570067130494,2010/11/29 00:00:00
NL13,Heating Tertiary,2010,7970,0.00038246400706410863,2010/11/29 01:00:00
NL13,Heating Tertiary,2010,7971,0.0003922660072451516,2010/11/29 02:00:00
NL13,Heating Tertiary,2010,7972,0.0003965270073238522,2010/11/29 03:00:00
NL13,Heating Tertiary,2010,7973,0.0003906430072151747,2010/11/29 04:00:00
NL13,Heating Tertiary,2010,7974,0.000368922006813988,2010/11/29 05:00:00
NL13,Heating Tertiary,2010,7975,0.00033353300616035327,2010/11/29 06:00:00
NL13,Heating Tertiary,2010,7976,0.0002919880053930173,2010/11/29 07:00:00
NL13,Heating Tertiary,2010,7977,0.00025424400469588576,2010/11/29 08:00:00
NL13,Heating Tertiary,2010,7978,0.00022471300415044827,2010/11/29 09:00:00
NL13,Heating Tertiary,2010,7979,0.00020437400377478702,2010/11/29 10:00:00
NL13,Heating Tertiary,2010,7980,0.0001891000034926763,2010/11/29 11:00:00
NL13,Heating Tertiary,2010,7981,0.00017862400329918466,2010/11/29 12:00:00
NL13,Heating Tertiary,2010,7982,0.00017371500320851542,2010/11/29 13:00:00
NL13,Heating Tertiary,2010,7983,0.00017370600320834917,2010/11/29 14:00:00
NL13,Heating Tertiary,2010,7984,0.0001756180032436638,2010/11/29 15:00:00
NL13,Heating Tertiary,2010,7985,0.00017623600325507825,2010/11/29 16:00:00
NL13,Heating Tertiary,2010,7986,0.00017703400326981737,2010/11/29 17:00:00
NL13,Heating Tertiary,2010,7987,0.00018075500333854418,2010/11/29 18:00:00
NL13,Heating Tertiary,2010,7988,0.00019230200355181722,2010/11/29 19:00:00
NL13,Heating Tertiary,2010,7989,0.00021556500398148474,2010/11/29 20:00:00
NL13,Heating Tertiary,2010,7990,0.0002505200046271035,2010/11/29 21:00:00
NL13,Heating Tertiary,2010,7991,0.0002922600053980411,2010/11/29 22:00:00
NL13,Heating Tertiary,2010,7992,0.00033225300613671176,2010/11/29 23:00:00
NL13,Heating Tertiary,2010,7993,0.000321643005940745,2010/11/30 00:00:00
NL13,Heating Tertiary,2010,7994,0.0003384640062514288,2010/11/30 01:00:00
NL13,Heating Tertiary,2010,7995,0.0003471380064116377,2010/11/30 02:00:00
NL13,Heating Tertiary,2010,7996,0.0003509090064812879,2010/11/30 03:00:00
NL13,Heating Tertiary,2010,7997,0.00034570200638511464,2010/11/30 04:00:00
NL13,Heating Tertiary,2010,7998,0.0003264800060300844,2010/11/30 05:00:00
NL13,Heating Tertiary,2010,7999,0.00029516100545162255,2010/11/30 06:00:00
NL13,Heating Tertiary,2010,8000,0.00025839600477257316,2010/11/30 07:00:00
NL13,Heating Tertiary,2010,8001,0.00022499500415565683,2010/11/30 08:00:00
NL13,Heating Tertiary,2010,8002,0.0001988610036729619,2010/11/30 09:00:00
NL13,Heating Tertiary,2010,8003,0.00018086200334052046,2010/11/30 10:00:00
NL13,Heating Tertiary,2010,8004,0.00016734500309086153,2010/11/30 11:00:00
NL13,Heating Tertiary,2010,8005,0.00015807500291964465,2010/11/30 12:00:00
NL13,Heating Tertiary,2010,8006,0.00015373000283939252,2010/11/30 13:00:00
NL13,Heating Tertiary,2010,8007,0.00015372200283924478,2010/11/30 14:00:00
NL13,Heating Tertiary,2010,8008,0.00015541500287051446,2010/11/30 15:00:00
NL13,Heating Tertiary,2010,8009,0.0001559610028805991,2010/11/30 16:00:00
NL13,Heating Tertiary,2010,8010,0.0001566670028936389,2010/11/30 17:00:00
NL13,Heating Tertiary,2010,8011,0.0001599600029544606,2010/11/30 18:00:00
NL13,Heating Tertiary,2010,8012,0.00017017800314318701,2010/11/30 19:00:00
NL13,Heating Tertiary,2010,8013,0.0001907660035234473,2010/11/30 20:00:00
NL13,Heating Tertiary,2010,8014,0.00022170000409479817,2010/11/30 21:00:00
NL13,Heating Tertiary,2010,8015,0.0002586370047770244,2010/11/30 22:00:00
NL13,Heating Tertiary,2010,8016,0.000294030005430733,2010/11/30 23:00:00
NL13,Heating Tertiary,2010,8017,0.0003850850071125185,2010/12/01 00:00:00
NL13,Heating Tertiary,2010,8018,0.00040522300748446733,2010/12/01 01:00:00
NL13,Heating Tertiary,2010,8019,0.0004156080076762782,2010/12/01 02:00:00
NL13,Heating Tertiary,2010,8020,0.0004201220077596518,2010/12/01 03:00:00
NL13,Heating Tertiary,2010,8021,0.0004138880076445098,2010/12/01 04:00:00
NL13,Heating Tertiary,2010,8022,0.0003908750072194598,2010/12/01 05:00:00
NL13,Heating Tertiary,2010,8023,0.00035338000652692725,2010/12/01 06:00:00
NL13,Heating Tertiary,2010,8024,0.00030936300571393345,2010/12/01 07:00:00
NL13,Heating Tertiary,2010,8025,0.0002693730049753183,2010/12/01 08:00:00
NL13,Heating Tertiary,2010,8026,0.00023808500439742908,2010/12/01 09:00:00
NL13,Heating Tertiary,2010,8027,0.00021653600399941912,2010/12/01 10:00:00
NL13,Heating Tertiary,2010,8028,0.0002003520037005007,2010/12/01 11:00:00
NL13,Heating Tertiary,2010,8029,0.00018925400349552066,2010/12/01 12:00:00
NL13,Heating Tertiary,2010,8030,0.00018405200339943975,2010/12/01 13:00:00
NL13,Heating Tertiary,2010,8031,0.00018404200339925506,2010/12/01 14:00:00
NL13,Heating Tertiary,2010,8032,0.00018606800343667527,2010/12/01 15:00:00
NL13,Heating Tertiary,2010,8033,0.00018672300344877314,2010/12/01 16:00:00
NL13,Heating Tertiary,2010,8034,0.00018756800346438028,2010/12/01 17:00:00
NL13,Heating Tertiary,2010,8035,0.00019151100353720745,2010/12/01 18:00:00
NL13,Heating Tertiary,2010,8036,0.00020374400376315096,2010/12/01 19:00:00
NL13,Heating Tertiary,2010,8037,0.00022839300421841787,2010/12/01 20:00:00
NL13,Heating Tertiary,2010,8038,0.00026542800490245416,2010/12/01 21:00:00
NL13,Heating Tertiary,2010,8039,0.0003096520057192713,2010/12/01 22:00:00
NL13,Heating Tertiary,2010,8040,0.000352024006501882,2010/12/01 23:00:00
NL13,Heating Tertiary,2010,8041,0.0004071560075201698,2010/12/02 00:00:00
NL13,Heating Tertiary,2010,8042,0.00042844900791345143,2010/12/02 01:00:00
NL13,Heating Tertiary,2010,8043,0.0004394280081162336,2010/12/02 02:00:00
NL13,Heating Tertiary,2010,8044,0.0004442020082044093,2010/12/02 03:00:00
NL13,Heating Tertiary,2010,8045,0.00043761100808267355,2010/12/02 04:00:00
NL13,Heating Tertiary,2010,8046,0.00041327800763324315,2010/12/02 05:00:00
NL13,Heating Tertiary,2010,8047,0.0003736340069010186,2010/12/02 06:00:00
NL13,Heating Tertiary,2010,8048,0.00032709400604142495,2010/12/02 07:00:00
NL13,Heating Tertiary,2010,8049,0.0002848120052604766,2010/12/02 08:00:00
NL13,Heating Tertiary,2010,8050,0.00025173100464947063,2010/12/02 09:00:00
NL13,Heating Tertiary,2010,8051,0.00022894600422863177,2010/12/02 10:00:00
NL13,Heating Tertiary,2010,8052,0.00021183500391259167,2010/12/02 11:00:00
NL13,Heating Tertiary,2010,8053,0.00020010100369586471,2010/12/02 12:00:00
NL13,Heating Tertiary,2010,8054,0.00019460100359427974,2010/12/02 13:00:00
NL13,Heating Tertiary,2010,8055,0.00019459100359409505,2010/12/02 14:00:00
NL13,Heating Tertiary,2010,8056,0.0001967330036336578,2010/12/02 15:00:00
NL13,Heating Tertiary,2010,8057,0.00019742500364643901,2010/12/02 16:00:00
NL13,Heating Tertiary,2010,8058,0.00019831900366295118,2010/12/02 17:00:00
NL13,Heating Tertiary,2010,8059,0.00020248700373993412,2010/12/02 18:00:00
NL13,Heating Tertiary,2010,8060,0.00021542200397884354,2010/12/02 19:00:00
NL13,Heating Tertiary,2010,8061,0.0002414830044601901,2010/12/02 20:00:00
NL13,Heating Tertiary,2010,8062,0.00028064100518343824,2010/12/02 21:00:00
NL13,Heating Tertiary,2010,8063,0.00032739900604705834,2010/12/02 22:00:00
NL13,Heating Tertiary,2010,8064,0.0003722010068745511,2010/12/02 23:00:00
NL13,Heating Tertiary,2010,8065,0.0003850850071125185,2010/12/03 00:00:00
NL13,Heating Tertiary,2010,8066,0.00040522300748446733,2010/12/03 01:00:00
NL13,Heating Tertiary,2010,8067,0.0004156080076762782,2010/12/03 02:00:00
NL13,Heating Tertiary,2010,8068,0.0004201220077596518,2010/12/03 03:00:00
NL13,Heating Tertiary,2010,8069,0.0004138880076445098,2010/12/03 04:00:00
NL13,Heating Tertiary,2010,8070,0.0003908750072194598,2010/12/03 05:00:00
NL13,Heating Tertiary,2010,8071,0.00035338000652692725,2010/12/03 06:00:00
NL13,Heating Tertiary,2010,8072,0.00030936300571393345,2010/12/03 07:00:00
NL13,Heating Tertiary,2010,8073,0.0002693730049753183,2010/12/03 08:00:00
NL13,Heating Tertiary,2010,8074,0.00023808500439742908,2010/12/03 09:00:00
NL13,Heating Tertiary,2010,8075,0.00021653600399941912,2010/12/03 10:00:00
NL13,Heating Tertiary,2010,8076,0.0002003520037005007,2010/12/03 11:00:00
NL13,Heating Tertiary,2010,8077,0.00018925400349552066,2010/12/03 12:00:00
NL13,Heating Tertiary,2010,8078,0.00018405200339943975,2010/12/03 13:00:00
NL13,Heating Tertiary,2010,8079,0.00018404200339925506,2010/12/03 14:00:00
NL13,Heating Tertiary,2010,8080,0.00018606800343667527,2010/12/03 15:00:00
NL13,Heating Tertiary,2010,8081,0.00018672300344877314,2010/12/03 16:00:00
NL13,Heating Tertiary,2010,8082,0.00018756800346438028,2010/12/03 17:00:00
NL13,Heating Tertiary,2010,8083,0.00019151100353720745,2010/12/03 18:00:00
NL13,Heating Tertiary,2010,8084,0.00020374400376315096,2010/12/03 19:00:00
NL13,Heating Tertiary,2010,8085,0.00022839300421841787,2010/12/03 20:00:00
NL13,Heating Tertiary,2010,8086,0.00026542800490245416,2010/12/03 21:00:00
NL13,Heating Tertiary,2010,8087,0.0003096520057192713,2010/12/03 22:00:00
NL13,Heating Tertiary,2010,8088,0.000352024006501882,2010/12/03 23:00:00
NL13,Heating Tertiary,2010,8089,0.00040562200749183686,2010/12/04 00:00:00
NL13,Heating Tertiary,2010,8090,0.0004255340078596114,2010/12/04 01:00:00
NL13,Heating Tertiary,2010,8091,0.00043740000807877637,2010/12/04 02:00:00
NL13,Heating Tertiary,2010,8092,0.00044437000820751223,2010/12/04 03:00:00
NL13,Heating Tertiary,2010,8093,0.00043964700812027847,2010/12/04 04:00:00
NL13,Heating Tertiary,2010,8094,0.00041744400771018915,2010/12/04 05:00:00
NL13,Heating Tertiary,2010,8095,0.00037995700701780436,2010/12/04 06:00:00
NL13,Heating Tertiary,2010,8096,0.0003348880061853802,2010/12/04 07:00:00
NL13,Heating Tertiary,2010,8097,0.00029084400537188757,2010/12/04 08:00:00
NL13,Heating Tertiary,2010,8098,0.00025514900471260106,2010/12/04 09:00:00
NL13,Heating Tertiary,2010,8099,0.00022966700424194864,2010/12/04 10:00:00
NL13,Heating Tertiary,2010,8100,0.00021102500389763096,2010/12/04 11:00:00
NL13,Heating Tertiary,2010,8101,0.00019756100364895095,2010/12/04 12:00:00
NL13,Heating Tertiary,2010,8102,0.00019122800353198045,2010/12/04 13:00:00
NL13,Heating Tertiary,2010,8103,0.00019166200353999644,2010/12/04 14:00:00
NL13,Heating Tertiary,2010,8104,0.00019439000359038256,2010/12/04 15:00:00
NL13,Heating Tertiary,2010,8105,0.00019536300360835387,2010/12/04 16:00:00
NL13,Heating Tertiary,2010,8106,0.00019510200360353322,2010/12/04 17:00:00
NL13,Heating Tertiary,2010,8107,0.00019697100363805364,2010/12/04 18:00:00
NL13,Heating Tertiary,2010,8108,0.00020722600382746344,2010/12/04 19:00:00
NL13,Heating Tertiary,2010,8109,0.00023279400429970432,2010/12/04 20:00:00
NL13,Heating Tertiary,2010,8110,0.0002736310050539635,2010/12/04 21:00:00
NL13,Heating Tertiary,2010,8111,0.00032430900598998607,2010/12/04 22:00:00
NL13,Heating Tertiary,2010,8112,0.0003708450068495058,2010/12/04 23:00:00
NL13,Heating Tertiary,2010,8113,0.00036597300675952,2010/12/05 00:00:00
NL13,Heating Tertiary,2010,8114,0.0003891180071870081,2010/12/05 01:00:00
NL13,Heating Tertiary,2010,8115,0.0003995380073794654,2010/12/05 02:00:00
NL13,Heating Tertiary,2010,8116,0.0004037780074577782,2010/12/05 03:00:00
NL13,Heating Tertiary,2010,8117,0.0003977870073471244,2010/12/05 04:00:00
NL13,Heating Tertiary,2010,8118,0.00037773400697674553,2010/12/05 05:00:00
NL13,Heating Tertiary,2010,8119,0.0003447130063668478,2010/12/05 06:00:00
NL13,Heating Tertiary,2010,8120,0.0003048040056297288,2010/12/05 07:00:00
NL13,Heating Tertiary,2010,8121,0.0002666870049257079,2010/12/05 08:00:00
NL13,Heating Tertiary,2010,8122,0.00023692600437602232,2010/12/05 09:00:00
NL13,Heating Tertiary,2010,8123,0.00021654100399951147,2010/12/05 10:00:00
NL13,Heating Tertiary,2010,8124,0.0002009680037118782,2010/12/05 11:00:00
NL13,Heating Tertiary,2010,8125,0.00018862900348397691,2010/12/05 12:00:00
NL13,Heating Tertiary,2010,8126,0.00018174800335688486,2010/12/05 13:00:00
NL13,Heating Tertiary,2010,8127,0.00017859600329866743,2010/12/05 14:00:00
NL13,Heating Tertiary,2010,8128,0.00017733700327541378,2010/12/05 15:00:00
NL13,Heating Tertiary,2010,8129,0.00017501400323250793,2010/12/05 16:00:00
NL13,Heating Tertiary,2010,8130,0.00017399000321359465,2010/12/05 17:00:00
NL13,Heating Tertiary,2010,8131,0.0001765180032602868,2010/12/05 18:00:00
NL13,Heating Tertiary,2010,8132,0.00018668900344814512,2010/12/05 19:00:00
NL13,Heating Tertiary,2010,8133,0.00020872600385516844,2010/12/05 20:00:00
NL13,Heating Tertiary,2010,8134,0.00024227800447487375,2010/12/05 21:00:00
NL13,Heating Tertiary,2010,8135,0.0002848210052606428,2010/12/05 22:00:00
NL13,Heating Tertiary,2010,8136,0.00032932200608257607,2010/12/05 23:00:00
NL13,Heating Tertiary,2010,8137,0.0002675190049410749,2010/12/06 00:00:00
NL13,Heating Tertiary,2010,8138,0.0002815090051994702,2010/12/06 01:00:00
NL13,Heating Tertiary,2010,8139,0.00028872300533271274,2010/12/06 02:00:00
NL13,Heating Tertiary,2010,8140,0.0002918590053906347,2010/12/06 03:00:00
NL13,Heating Tertiary,2010,8141,0.0002875280053106411,2010/12/06 04:00:00
NL13,Heating Tertiary,2010,8142,0.00027154100501536126,2010/12/06 05:00:00
NL13,Heating Tertiary,2010,8143,0.0002454930045342548,2010/12/06 06:00:00
NL13,Heating Tertiary,2010,8144,0.00021491400396946077,2010/12/06 07:00:00
NL13,Heating Tertiary,2010,8145,0.00018713300345634583,2010/12/06 08:00:00
NL13,Heating Tertiary,2010,8146,0.00016539800305490044,2010/12/06 09:00:00
NL13,Heating Tertiary,2010,8147,0.00015042700277838618,2010/12/06 10:00:00
NL13,Heating Tertiary,2010,8148,0.00013918400257072796,2010/12/06 11:00:00
NL13,Heating Tertiary,2010,8149,0.00013147400242832427,2010/12/06 12:00:00
NL13,Heating Tertiary,2010,8150,0.0001278610023615922,2010/12/06 13:00:00
NL13,Heating Tertiary,2010,8151,0.0001278540023614629,2010/12/06 14:00:00
NL13,Heating Tertiary,2010,8152,0.00012926200238746866,2010/12/06 15:00:00
NL13,Heating Tertiary,2010,8153,0.00012971700239587251,2010/12/06 16:00:00
NL13,Heating Tertiary,2010,8154,0.0001303040024067144,2010/12/06 17:00:00
NL13,Heating Tertiary,2010,8155,0.0001330430024573037,2010/12/06 18:00:00
NL13,Heating Tertiary,2010,8156,0.00014154200261428022,2010/12/06 19:00:00
NL13,Heating Tertiary,2010,8157,0.00015866400293052348,2010/12/06 20:00:00
NL13,Heating Tertiary,2010,8158,0.00018439300340573802,2010/12/06 21:00:00
NL13,Heating Tertiary,2010,8159,0.00021511500397317326,2010/12/06 22:00:00
NL13,Heating Tertiary,2010,8160,0.00024455100451685604,2010/12/06 23:00:00
NL13,Heating Tertiary,2010,8161,0.00028570800527702575,2010/12/07 00:00:00
NL13,Heating Tertiary,2010,8162,0.0003006490055529859,2010/12/07 01:00:00
NL13,Heating Tertiary,2010,8163,0.0003083540056952973,2010/12/07 02:00:00
NL13,Heating Tertiary,2010,8164,0.00031170400575717175,2010/12/07 03:00:00
NL13,Heating Tertiary,2010,8165,0.0003070780056717295,2010/12/07 04:00:00
NL13,Heating Tertiary,2010,8166,0.0002900040053563728,2010/12/07 05:00:00
NL13,Heating Tertiary,2010,8167,0.000262185004842556,2010/12/07 06:00:00
NL13,Heating Tertiary,2010,8168,0.00022952700423936283,2010/12/07 07:00:00
NL13,Heating Tertiary,2010,8169,0.00019985700369135805,2010/12/07 08:00:00
NL13,Heating Tertiary,2010,8170,0.00017664400326261403,2010/12/07 09:00:00
NL13,Heating Tertiary,2010,8171,0.00016065600296731573,2010/12/07 10:00:00
NL13,Heating Tertiary,2010,8172,0.000148648002745528,2010/12/07 11:00:00
NL13,Heating Tertiary,2010,8173,0.00014041400259344605,2010/12/07 12:00:00
NL13,Heating Tertiary,2010,8174,0.00013655500252217033,2010/12/07 13:00:00
NL13,Heating Tertiary,2010,8175,0.00013654700252202257,2010/12/07 14:00:00
NL13,Heating Tertiary,2010,8176,0.00013805100254980147,2010/12/07 15:00:00
NL13,Heating Tertiary,2010,8177,0.00013853600255875941,2010/12/07 16:00:00
NL13,Heating Tertiary,2010,8178,0.00013916400257035856,2010/12/07 17:00:00
NL13,Heating Tertiary,2010,8179,0.0001420890026243833,2010/12/07 18:00:00
NL13,Heating Tertiary,2010,8180,0.00015116600279203545,2010/12/07 19:00:00
NL13,Heating Tertiary,2010,8181,0.00016945300312979627,2010/12/07 20:00:00
NL13,Heating Tertiary,2010,8182,0.00019693000363729638,2010/12/07 21:00:00
NL13,Heating Tertiary,2010,8183,0.00022974100424331544,2010/12/07 22:00:00
NL13,Heating Tertiary,2010,8184,0.00026118000482399365,2010/12/07 23:00:00
NL13,Heating Tertiary,2010,8185,0.0003422730063217811,2010/12/08 00:00:00
NL13,Heating Tertiary,2010,8186,0.0003601720066523755,2010/12/08 01:00:00
NL13,Heating Tertiary,2010,8187,0.00036940300682287205,2010/12/08 02:00:00
NL13,Heating Tertiary,2010,8188,0.0003734150068969737,2010/12/08 03:00:00
NL13,Heating Tertiary,2010,8189,0.0003678750067946499,2010/12/08 04:00:00
NL13,Heating Tertiary,2010,8190,0.0003474190064168278,2010/12/08 05:00:00
NL13,Heating Tertiary,2010,8191,0.00031409300580129655,2010/12/08 06:00:00
NL13,Heating Tertiary,2010,8192,0.0002749690050786764,2010/12/08 07:00:00
NL13,Heating Tertiary,2010,8193,0.0002394260044221973,2010/12/08 08:00:00
NL13,Heating Tertiary,2010,8194,0.00021161600390854675,2010/12/08 09:00:00
NL13,Heating Tertiary,2010,8195,0.0001924620035547724,2010/12/08 10:00:00
NL13,Heating Tertiary,2010,8196,0.0001780780032891,2010/12/08 11:00:00
NL13,Heating Tertiary,2010,8197,0.00016821300310689347,2010/12/08 12:00:00
NL13,Heating Tertiary,2010,8198,0.0001635900030215067,2010/12/08 13:00:00
NL13,Heating Tertiary,2010,8199,0.0001635810030213405,2010/12/08 14:00:00
NL13,Heating Tertiary,2010,8200,0.00016538200305460493,2010/12/08 15:00:00
NL13,Heating Tertiary,2010,8201,0.0001659640030653545,2010/12/08 16:00:00
NL13,Heating Tertiary,2010,8202,0.00016671600307924386,2010/12/08 17:00:00
NL13,Heating Tertiary,2010,8203,0.00017021900314394435,2010/12/08 18:00:00
NL13,Heating Tertiary,2010,8204,0.00018109300334478702,2010/12/08 19:00:00
NL13,Heating Tertiary,2010,8205,0.0002030010037494277,2010/12/08 20:00:00
NL13,Heating Tertiary,2010,8206,0.00023591900435742308,2010/12/08 21:00:00
NL13,Heating Tertiary,2010,8207,0.0002752260050834232,2010/12/08 22:00:00
NL13,Heating Tertiary,2010,8208,0.00031288800577904016,2010/12/08 23:00:00
NL13,Heating Tertiary,2010,8209,0.0003422730063217811,2010/12/09 00:00:00
NL13,Heating Tertiary,2010,8210,0.0003601720066523755,2010/12/09 01:00:00
NL13,Heating Tertiary,2010,8211,0.00036940300682287205,2010/12/09 02:00:00
NL13,Heating Tertiary,2010,8212,0.0003734150068969737,2010/12/09 03:00:00
NL13,Heating Tertiary,2010,8213,0.0003678750067946499,2010/12/09 04:00:00
NL13,Heating Tertiary,2010,8214,0.0003474190064168278,2010/12/09 05:00:00
NL13,Heating Tertiary,2010,8215,0.00031409300580129655,2010/12/09 06:00:00
NL13,Heating Tertiary,2010,8216,0.0002749690050786764,2010/12/09 07:00:00
NL13,Heating Tertiary,2010,8217,0.0002394260044221973,2010/12/09 08:00:00
NL13,Heating Tertiary,2010,8218,0.00021161600390854675,2010/12/09 09:00:00
NL13,Heating Tertiary,2010,8219,0.0001924620035547724,2010/12/09 10:00:00
NL13,Heating Tertiary,2010,8220,0.0001780780032891,2010/12/09 11:00:00
NL13,Heating Tertiary,2010,8221,0.00016821300310689347,2010/12/09 12:00:00
NL13,Heating Tertiary,2010,8222,0.0001635900030215067,2010/12/09 13:00:00
NL13,Heating Tertiary,2010,8223,0.0001635810030213405,2010/12/09 14:00:00
NL13,Heating Tertiary,2010,8224,0.00016538200305460493,2010/12/09 15:00:00
NL13,Heating Tertiary,2010,8225,0.0001659640030653545,2010/12/09 16:00:00
NL13,Heating Tertiary,2010,8226,0.00016671600307924386,2010/12/09 17:00:00
NL13,Heating Tertiary,2010,8227,0.00017021900314394435,2010/12/09 18:00:00
NL13,Heating Tertiary,2010,8228,0.00018109300334478702,2010/12/09 19:00:00
NL13,Heating Tertiary,2010,8229,0.0002030010037494277,2010/12/09 20:00:00
NL13,Heating Tertiary,2010,8230,0.00023591900435742308,2010/12/09 21:00:00
NL13,Heating Tertiary,2010,8231,0.0002752260050834232,2010/12/09 22:00:00
NL13,Heating Tertiary,2010,8232,0.00031288800577904016,2010/12/09 23:00:00
NL13,Heating Tertiary,2010,8233,0.0002675190049410749,2010/12/10 00:00:00
NL13,Heating Tertiary,2010,8234,0.0002815090051994702,2010/12/10 01:00:00
NL13,Heating Tertiary,2010,8235,0.00028872300533271274,2010/12/10 02:00:00
NL13,Heating Tertiary,2010,8236,0.0002918590053906347,2010/12/10 03:00:00
NL13,Heating Tertiary,2010,8237,0.0002875280053106411,2010/12/10 04:00:00
NL13,Heating Tertiary,2010,8238,0.00027154100501536126,2010/12/10 05:00:00
NL13,Heating Tertiary,2010,8239,0.0002454930045342548,2010/12/10 06:00:00
NL13,Heating Tertiary,2010,8240,0.00021491400396946077,2010/12/10 07:00:00
NL13,Heating Tertiary,2010,8241,0.00018713300345634583,2010/12/10 08:00:00
NL13,Heating Tertiary,2010,8242,0.00016539800305490044,2010/12/10 09:00:00
NL13,Heating Tertiary,2010,8243,0.00015042700277838618,2010/12/10 10:00:00
NL13,Heating Tertiary,2010,8244,0.00013918400257072796,2010/12/10 11:00:00
NL13,Heating Tertiary,2010,8245,0.00013147400242832427,2010/12/10 12:00:00
NL13,Heating Tertiary,2010,8246,0.0001278610023615922,2010/12/10 13:00:00
NL13,Heating Tertiary,2010,8247,0.0001278540023614629,2010/12/10 14:00:00
NL13,Heating Tertiary,2010,8248,0.00012926200238746866,2010/12/10 15:00:00
NL13,Heating Tertiary,2010,8249,0.00012971700239587251,2010/12/10 16:00:00
NL13,Heating Tertiary,2010,8250,0.0001303040024067144,2010/12/10 17:00:00
NL13,Heating Tertiary,2010,8251,0.0001330430024573037,2010/12/10 18:00:00
NL13,Heating Tertiary,2010,8252,0.00014154200261428022,2010/12/10 19:00:00
NL13,Heating Tertiary,2010,8253,0.00015866400293052348,2010/12/10 20:00:00
NL13,Heating Tertiary,2010,8254,0.00018439300340573802,2010/12/10 21:00:00
NL13,Heating Tertiary,2010,8255,0.00021511500397317326,2010/12/10 22:00:00
NL13,Heating Tertiary,2010,8256,0.00024455100451685604,2010/12/10 23:00:00
NL13,Heating Tertiary,2010,8257,0.00026134200482698573,2010/12/11 00:00:00
NL13,Heating Tertiary,2010,8258,0.0002741700050639189,2010/12/11 01:00:00
NL13,Heating Tertiary,2010,8259,0.00028181600520514046,2010/12/11 02:00:00
NL13,Heating Tertiary,2010,8260,0.0002863070052880892,2010/12/11 03:00:00
NL13,Heating Tertiary,2010,8261,0.00028326300523186655,2010/12/11 04:00:00
NL13,Heating Tertiary,2010,8262,0.00026895800496765326,2010/12/11 05:00:00
NL13,Heating Tertiary,2010,8263,0.00024480600452156593,2010/12/11 06:00:00
NL13,Heating Tertiary,2010,8264,0.00021576700398521568,2010/12/11 07:00:00
NL13,Heating Tertiary,2010,8265,0.00018739000346109258,2010/12/11 08:00:00
NL13,Heating Tertiary,2010,8266,0.00016439200303631962,2010/12/11 09:00:00
NL13,Heating Tertiary,2010,8267,0.0001479730027330607,2010/12/11 10:00:00
NL13,Heating Tertiary,2010,8268,0.00013596200251121766,2010/12/11 11:00:00
NL13,Heating Tertiary,2010,8269,0.00012728800235100888,2010/12/11 12:00:00
NL13,Heating Tertiary,2010,8270,0.0001232080022756513,2010/12/11 13:00:00
NL13,Heating Tertiary,2010,8271,0.00012348700228080443,2010/12/11 14:00:00
NL13,Heating Tertiary,2010,8272,0.0001252450023132747,2010/12/11 15:00:00
NL13,Heating Tertiary,2010,8273,0.00012587200232485536,2010/12/11 16:00:00
NL13,Heating Tertiary,2010,8274,0.0001257040023217524,2010/12/11 17:00:00
NL13,Heating Tertiary,2010,8275,0.00012690800234399028,2010/12/11 18:00:00
NL13,Heating Tertiary,2010,8276,0.00013351500246602154,2010/12/11 19:00:00
NL13,Heating Tertiary,2010,8277,0.0001499880027702778,2010/12/11 20:00:00
NL13,Heating Tertiary,2010,8278,0.00017630000325626036,2010/12/11 21:00:00
NL13,Heating Tertiary,2010,8279,0.00020895200385934266,2010/12/11 22:00:00
NL13,Heating Tertiary,2010,8280,0.00023893400441311012,2010/12/11 23:00:00
NL13,Heating Tertiary,2010,8281,0.00019116900353089073,2010/12/12 00:00:00
NL13,Heating Tertiary,2010,8282,0.00020325900375419296,2010/12/12 01:00:00
NL13,Heating Tertiary,2010,8283,0.00020870200385472517,2010/12/12 02:00:00
NL13,Heating Tertiary,2010,8284,0.0002109170038956362,2010/12/12 03:00:00
NL13,Heating Tertiary,2010,8285,0.0002077880038378436,2010/12/12 04:00:00
NL13,Heating Tertiary,2010,8286,0.00019731300364437035,2010/12/12 05:00:00
NL13,Heating Tertiary,2010,8287,0.00018006400332578145,2010/12/12 06:00:00
NL13,Heating Tertiary,2010,8288,0.0001592170029407374,2010/12/12 07:00:00
NL13,Heating Tertiary,2010,8289,0.0001393060025729813,2010/12/12 08:00:00
NL13,Heating Tertiary,2010,8290,0.00012376000228584674,2010/12/12 09:00:00
NL13,Heating Tertiary,2010,8291,0.0001131130020891967,2010/12/12 10:00:00
NL13,Heating Tertiary,2010,8292,0.00010497800193894327,2010/12/12 11:00:00
NL13,Heating Tertiary,2010,8293,9.853220181988937e-05,2010/12/12 12:00:00
NL13,Heating Tertiary,2010,8294,9.49378017535008e-05,2010/12/12 13:00:00
NL13,Heating Tertiary,2010,8295,9.329100172308441e-05,2010/12/12 14:00:00
NL13,Heating Tertiary,2010,8296,9.263380171094594e-05,2010/12/12 15:00:00
NL13,Heating Tertiary,2010,8297,9.142020168853075e-05,2010/12/12 16:00:00
NL13,Heating Tertiary,2010,8298,9.088550167865484e-05,2010/12/12 17:00:00
NL13,Heating Tertiary,2010,8299,9.220550170303524e-05,2010/12/12 18:00:00
NL13,Heating Tertiary,2010,8300,9.751850180116633e-05,2010/12/12 19:00:00
NL13,Heating Tertiary,2010,8301,0.00010903000201378369,2010/12/12 20:00:00
NL13,Heating Tertiary,2010,8302,0.00012655600233748884,2010/12/12 21:00:00
NL13,Heating Tertiary,2010,8303,0.00014877900274794757,2010/12/12 22:00:00
NL13,Heating Tertiary,2010,8304,0.00017202400317728263,2010/12/12 23:00:00
NL13,Heating Tertiary,2010,8305,0.0002675190049410749,2010/12/13 00:00:00
NL13,Heating Tertiary,2010,8306,0.0002815090051994702,2010/12/13 01:00:00
NL13,Heating Tertiary,2010,8307,0.00028872300533271274,2010/12/13 02:00:00
NL13,Heating Tertiary,2010,8308,0.0002918590053906347,2010/12/13 03:00:00
NL13,Heating Tertiary,2010,8309,0.0002875280053106411,2010/12/13 04:00:00
NL13,Heating Tertiary,2010,8310,0.00027154100501536126,2010/12/13 05:00:00
NL13,Heating Tertiary,2010,8311,0.0002454930045342548,2010/12/13 06:00:00
NL13,Heating Tertiary,2010,8312,0.00021491400396946077,2010/12/13 07:00:00
NL13,Heating Tertiary,2010,8313,0.00018713300345634583,2010/12/13 08:00:00
NL13,Heating Tertiary,2010,8314,0.00016539800305490044,2010/12/13 09:00:00
NL13,Heating Tertiary,2010,8315,0.00015042700277838618,2010/12/13 10:00:00
NL13,Heating Tertiary,2010,8316,0.00013918400257072796,2010/12/13 11:00:00
NL13,Heating Tertiary,2010,8317,0.00013147400242832427,2010/12/13 12:00:00
NL13,Heating Tertiary,2010,8318,0.0001278610023615922,2010/12/13 13:00:00
NL13,Heating Tertiary,2010,8319,0.0001278540023614629,2010/12/13 14:00:00
NL13,Heating Tertiary,2010,8320,0.00012926200238746866,2010/12/13 15:00:00
NL13,Heating Tertiary,2010,8321,0.00012971700239587251,2010/12/13 16:00:00
NL13,Heating Tertiary,2010,8322,0.0001303040024067144,2010/12/13 17:00:00
NL13,Heating Tertiary,2010,8323,0.0001330430024573037,2010/12/13 18:00:00
NL13,Heating Tertiary,2010,8324,0.00014154200261428022,2010/12/13 19:00:00
NL13,Heating Tertiary,2010,8325,0.00015866400293052348,2010/12/13 20:00:00
NL13,Heating Tertiary,2010,8326,0.00018439300340573802,2010/12/13 21:00:00
NL13,Heating Tertiary,2010,8327,0.00021511500397317326,2010/12/13 22:00:00
NL13,Heating Tertiary,2010,8328,0.00024455100451685604,2010/12/13 23:00:00
NL13,Heating Tertiary,2010,8329,0.000321643005940745,2010/12/14 00:00:00
NL13,Heating Tertiary,2010,8330,0.0003384640062514288,2010/12/14 01:00:00
NL13,Heating Tertiary,2010,8331,0.0003471380064116377,2010/12/14 02:00:00
NL13,Heating Tertiary,2010,8332,0.0003509090064812879,2010/12/14 03:00:00
NL13,Heating Tertiary,2010,8333,0.00034570200638511464,2010/12/14 04:00:00
NL13,Heating Tertiary,2010,8334,0.0003264800060300844,2010/12/14 05:00:00
NL13,Heating Tertiary,2010,8335,0.00029516100545162255,2010/12/14 06:00:00
NL13,Heating Tertiary,2010,8336,0.00025839600477257316,2010/12/14 07:00:00
NL13,Heating Tertiary,2010,8337,0.00022499500415565683,2010/12/14 08:00:00
NL13,Heating Tertiary,2010,8338,0.0001988610036729619,2010/12/14 09:00:00
NL13,Heating Tertiary,2010,8339,0.00018086200334052046,2010/12/14 10:00:00
NL13,Heating Tertiary,2010,8340,0.00016734500309086153,2010/12/14 11:00:00
NL13,Heating Tertiary,2010,8341,0.00015807500291964465,2010/12/14 12:00:00
NL13,Heating Tertiary,2010,8342,0.00015373000283939252,2010/12/14 13:00:00
NL13,Heating Tertiary,2010,8343,0.00015372200283924478,2010/12/14 14:00:00
NL13,Heating Tertiary,2010,8344,0.00015541500287051446,2010/12/14 15:00:00
NL13,Heating Tertiary,2010,8345,0.0001559610028805991,2010/12/14 16:00:00
NL13,Heating Tertiary,2010,8346,0.0001566670028936389,2010/12/14 17:00:00
NL13,Heating Tertiary,2010,8347,0.0001599600029544606,2010/12/14 18:00:00
NL13,Heating Tertiary,2010,8348,0.00017017800314318701,2010/12/14 19:00:00
NL13,Heating Tertiary,2010,8349,0.0001907660035234473,2010/12/14 20:00:00
NL13,Heating Tertiary,2010,8350,0.00022170000409479817,2010/12/14 21:00:00
NL13,Heating Tertiary,2010,8351,0.0002586370047770244,2010/12/14 22:00:00
NL13,Heating Tertiary,2010,8352,0.000294030005430733,2010/12/14 23:00:00
NL13,Heating Tertiary,2010,8353,0.0003422730063217811,2010/12/15 00:00:00
NL13,Heating Tertiary,2010,8354,0.0003601720066523755,2010/12/15 01:00:00
NL13,Heating Tertiary,2010,8355,0.00036940300682287205,2010/12/15 02:00:00
NL13,Heating Tertiary,2010,8356,0.0003734150068969737,2010/12/15 03:00:00
NL13,Heating Tertiary,2010,8357,0.0003678750067946499,2010/12/15 04:00:00
NL13,Heating Tertiary,2010,8358,0.0003474190064168278,2010/12/15 05:00:00
NL13,Heating Tertiary,2010,8359,0.00031409300580129655,2010/12/15 06:00:00
NL13,Heating Tertiary,2010,8360,0.0002749690050786764,2010/12/15 07:00:00
NL13,Heating Tertiary,2010,8361,0.0002394260044221973,2010/12/15 08:00:00
NL13,Heating Tertiary,2010,8362,0.00021161600390854675,2010/12/15 09:00:00
NL13,Heating Tertiary,2010,8363,0.0001924620035547724,2010/12/15 10:00:00
NL13,Heating Tertiary,2010,8364,0.0001780780032891,2010/12/15 11:00:00
NL13,Heating Tertiary,2010,8365,0.00016821300310689347,2010/12/15 12:00:00
NL13,Heating Tertiary,2010,8366,0.0001635900030215067,2010/12/15 13:00:00
NL13,Heating Tertiary,2010,8367,0.0001635810030213405,2010/12/15 14:00:00
NL13,Heating Tertiary,2010,8368,0.00016538200305460493,2010/12/15 15:00:00
NL13,Heating Tertiary,2010,8369,0.0001659640030653545,2010/12/15 16:00:00
NL13,Heating Tertiary,2010,8370,0.00016671600307924386,2010/12/15 17:00:00
NL13,Heating Tertiary,2010,8371,0.00017021900314394435,2010/12/15 18:00:00
NL13,Heating Tertiary,2010,8372,0.00018109300334478702,2010/12/15 19:00:00
NL13,Heating Tertiary,2010,8373,0.0002030010037494277,2010/12/15 20:00:00
NL13,Heating Tertiary,2010,8374,0.00023591900435742308,2010/12/15 21:00:00
NL13,Heating Tertiary,2010,8375,0.0002752260050834232,2010/12/15 22:00:00
NL13,Heating Tertiary,2010,8376,0.00031288800577904016,2010/12/15 23:00:00
NL13,Heating Tertiary,2010,8377,0.000321643005940745,2010/12/16 00:00:00
NL13,Heating Tertiary,2010,8378,0.0003384640062514288,2010/12/16 01:00:00
NL13,Heating Tertiary,2010,8379,0.0003471380064116377,2010/12/16 02:00:00
NL13,Heating Tertiary,2010,8380,0.0003509090064812879,2010/12/16 03:00:00
NL13,Heating Tertiary,2010,8381,0.00034570200638511464,2010/12/16 04:00:00
NL13,Heating Tertiary,2010,8382,0.0003264800060300844,2010/12/16 05:00:00
NL13,Heating Tertiary,2010,8383,0.00029516100545162255,2010/12/16 06:00:00
NL13,Heating Tertiary,2010,8384,0.00025839600477257316,2010/12/16 07:00:00
NL13,Heating Tertiary,2010,8385,0.00022499500415565683,2010/12/16 08:00:00
NL13,Heating Tertiary,2010,8386,0.0001988610036729619,2010/12/16 09:00:00
NL13,Heating Tertiary,2010,8387,0.00018086200334052046,2010/12/16 10:00:00
NL13,Heating Tertiary,2010,8388,0.00016734500309086153,2010/12/16 11:00:00
NL13,Heating Tertiary,2010,8389,0.00015807500291964465,2010/12/16 12:00:00
NL13,Heating Tertiary,2010,8390,0.00015373000283939252,2010/12/16 13:00:00
NL13,Heating Tertiary,2010,8391,0.00015372200283924478,2010/12/16 14:00:00
NL13,Heating Tertiary,2010,8392,0.00015541500287051446,2010/12/16 15:00:00
NL13,Heating Tertiary,2010,8393,0.0001559610028805991,2010/12/16 16:00:00
NL13,Heating Tertiary,2010,8394,0.0001566670028936389,2010/12/16 17:00:00
NL13,Heating Tertiary,2010,8395,0.0001599600029544606,2010/12/16 18:00:00
NL13,Heating Tertiary,2010,8396,0.00017017800314318701,2010/12/16 19:00:00
NL13,Heating Tertiary,2010,8397,0.0001907660035234473,2010/12/16 20:00:00
NL13,Heating Tertiary,2010,8398,0.00022170000409479817,2010/12/16 21:00:00
NL13,Heating Tertiary,2010,8399,0.0002586370047770244,2010/12/16 22:00:00
NL13,Heating Tertiary,2010,8400,0.000294030005430733,2010/12/16 23:00:00
NL13,Heating Tertiary,2010,8401,0.0004071560075201698,2010/12/17 00:00:00
NL13,Heating Tertiary,2010,8402,0.00042844900791345143,2010/12/17 01:00:00
NL13,Heating Tertiary,2010,8403,0.0004394280081162336,2010/12/17 02:00:00
NL13,Heating Tertiary,2010,8404,0.0004442020082044093,2010/12/17 03:00:00
NL13,Heating Tertiary,2010,8405,0.00043761100808267355,2010/12/17 04:00:00
NL13,Heating Tertiary,2010,8406,0.00041327800763324315,2010/12/17 05:00:00
NL13,Heating Tertiary,2010,8407,0.0003736340069010186,2010/12/17 06:00:00
NL13,Heating Tertiary,2010,8408,0.00032709400604142495,2010/12/17 07:00:00
NL13,Heating Tertiary,2010,8409,0.0002848120052604766,2010/12/17 08:00:00
NL13,Heating Tertiary,2010,8410,0.00025173100464947063,2010/12/17 09:00:00
NL13,Heating Tertiary,2010,8411,0.00022894600422863177,2010/12/17 10:00:00
NL13,Heating Tertiary,2010,8412,0.00021183500391259167,2010/12/17 11:00:00
NL13,Heating Tertiary,2010,8413,0.00020010100369586471,2010/12/17 12:00:00
NL13,Heating Tertiary,2010,8414,0.00019460100359427974,2010/12/17 13:00:00
NL13,Heating Tertiary,2010,8415,0.00019459100359409505,2010/12/17 14:00:00
NL13,Heating Tertiary,2010,8416,0.0001967330036336578,2010/12/17 15:00:00
NL13,Heating Tertiary,2010,8417,0.00019742500364643901,2010/12/17 16:00:00
NL13,Heating Tertiary,2010,8418,0.00019831900366295118,2010/12/17 17:00:00
NL13,Heating Tertiary,2010,8419,0.00020248700373993412,2010/12/17 18:00:00
NL13,Heating Tertiary,2010,8420,0.00021542200397884354,2010/12/17 19:00:00
NL13,Heating Tertiary,2010,8421,0.0002414830044601901,2010/12/17 20:00:00
NL13,Heating Tertiary,2010,8422,0.00028064100518343824,2010/12/17 21:00:00
NL13,Heating Tertiary,2010,8423,0.00032739900604705834,2010/12/17 22:00:00
NL13,Heating Tertiary,2010,8424,0.0003722010068745511,2010/12/17 23:00:00
NL13,Heating Tertiary,2010,8425,0.00038284100707107184,2010/12/18 00:00:00
NL13,Heating Tertiary,2010,8426,0.0004016340074181785,2010/12/18 01:00:00
NL13,Heating Tertiary,2010,8427,0.00041283400762504247,2010/12/18 02:00:00
NL13,Heating Tertiary,2010,8428,0.00041941300774655653,2010/12/18 03:00:00
NL13,Heating Tertiary,2010,8429,0.0004149550076642173,2010/12/18 04:00:00
NL13,Heating Tertiary,2010,8430,0.00039399900727716007,2010/12/18 05:00:00
NL13,Heating Tertiary,2010,8431,0.0003586180066236732,2010/12/18 06:00:00
NL13,Heating Tertiary,2010,8432,0.000316079005837978,2010/12/18 07:00:00
NL13,Heating Tertiary,2010,8433,0.0002745090050701802,2010/12/18 08:00:00
NL13,Heating Tertiary,2010,8434,0.00024081900444792602,2010/12/18 09:00:00
NL13,Heating Tertiary,2010,8435,0.00021676800400370416,2010/12/18 10:00:00
NL13,Heating Tertiary,2010,8436,0.00019917300367872456,2010/12/18 11:00:00
NL13,Heating Tertiary,2010,8437,0.00018646500344400785,2010/12/18 12:00:00
NL13,Heating Tertiary,2010,8438,0.00018048800333361268,2010/12/18 13:00:00
NL13,Heating Tertiary,2010,8439,0.0001808970033411669,2010/12/18 14:00:00
NL13,Heating Tertiary,2010,8440,0.00018347200338872716,2010/12/18 15:00:00
NL13,Heating Tertiary,2010,8441,0.00018439100340570107,2010/12/18 16:00:00
NL13,Heating Tertiary,2010,8442,0.000184144003401139,2010/12/18 17:00:00
NL13,Heating Tertiary,2010,8443,0.00018590900343373853,2010/12/18 18:00:00
NL13,Heating Tertiary,2010,8444,0.00019558700361249116,2010/12/18 19:00:00
NL13,Heating Tertiary,2010,8445,0.0002197200040582276,2010/12/18 20:00:00
NL13,Heating Tertiary,2010,8446,0.00025826300477011665,2010/12/18 21:00:00
NL13,Heating Tertiary,2010,8447,0.000306094005653555,2010/12/18 22:00:00
NL13,Heating Tertiary,2010,8448,0.0003500170064648127,2010/12/18 23:00:00
NL13,Heating Tertiary,2010,8449,0.0004353490080408944,2010/12/19 00:00:00
NL13,Heating Tertiary,2010,8450,0.0004628810085494103,2010/12/19 01:00:00
NL13,Heating Tertiary,2010,8451,0.00047527600877834595,2010/12/19 02:00:00
NL13,Heating Tertiary,2010,8452,0.00048032100887152713,2010/12/19 03:00:00
NL13,Heating Tertiary,2010,8453,0.00047319400873989143,2010/12/19 04:00:00
NL13,Heating Tertiary,2010,8454,0.00044933900829928963,2010/12/19 05:00:00
NL13,Heating Tertiary,2010,8455,0.0004100590075737882,2010/12/19 06:00:00
NL13,Heating Tertiary,2010,8456,0.00036258400669692513,2010/12/19 07:00:00
NL13,Heating Tertiary,2010,8457,0.00031724100585944006,2010/12/19 08:00:00
NL13,Heating Tertiary,2010,8458,0.00028183800520554684,2010/12/19 09:00:00
NL13,Heating Tertiary,2010,8459,0.0002575900047576863,2010/12/19 10:00:00
NL13,Heating Tertiary,2010,8460,0.00023906500441552966,2010/12/19 11:00:00
NL13,Heating Tertiary,2010,8461,0.00022438700414442706,2010/12/19 12:00:00
NL13,Heating Tertiary,2010,8462,0.00021620100399323165,2010/12/19 13:00:00
NL13,Heating Tertiary,2010,8463,0.00021245100392396917,2010/12/19 14:00:00
NL13,Heating Tertiary,2010,8464,0.00021095400389631961,2010/12/19 15:00:00
NL13,Heating Tertiary,2010,8465,0.00020819000384526853,2010/12/19 16:00:00
NL13,Heating Tertiary,2010,8466,0.00020697200382277208,2010/12/19 17:00:00
NL13,Heating Tertiary,2010,8467,0.00020997900387831136,2010/12/19 18:00:00
NL13,Heating Tertiary,2010,8468,0.0002220790041017983,2010/12/19 19:00:00
NL13,Heating Tertiary,2010,8469,0.0002482930045859708,2010/12/19 20:00:00
NL13,Heating Tertiary,2010,8470,0.0002882060053231638,2010/12/19 21:00:00
NL13,Heating Tertiary,2010,8471,0.00033881300625787495,2010/12/19 22:00:00
NL13,Heating Tertiary,2010,8472,0.00039175100723563947,2010/12/19 23:00:00
NL13,Heating Tertiary,2010,8473,0.00042989300794012207,2010/12/20 00:00:00
NL13,Heating Tertiary,2010,8474,0.0004523740083553461,2010/12/20 01:00:00
NL13,Heating Tertiary,2010,8475,0.00046396800856948723,2010/12/20 02:00:00
NL13,Heating Tertiary,2010,8476,0.000469008008662576,2010/12/20 03:00:00
NL13,Heating Tertiary,2010,8477,0.00046204800853402484,2010/12/20 04:00:00
NL13,Heating Tertiary,2010,8478,0.0004363570080595122,2010/12/20 05:00:00
NL13,Heating Tertiary,2010,8479,0.0003944990072863951,2010/12/20 06:00:00
NL13,Heating Tertiary,2010,8480,0.00034536000637879795,2010/12/20 07:00:00
NL13,Heating Tertiary,2010,8481,0.00030071700555424184,2010/12/20 08:00:00
NL13,Heating Tertiary,2010,8482,0.0002657880049091034,2010/12/20 09:00:00
NL13,Heating Tertiary,2010,8483,0.00024173200446478914,2010/12/20 10:00:00
NL13,Heating Tertiary,2010,8484,0.00022366400413107324,2010/12/20 11:00:00
NL13,Heating Tertiary,2010,8485,0.00021127500390224848,2010/12/20 12:00:00
NL13,Heating Tertiary,2010,8486,0.00020546900379501165,2010/12/20 13:00:00
NL13,Heating Tertiary,2010,8487,0.00020545700379479,2010/12/20 14:00:00
NL13,Heating Tertiary,2010,8488,0.00020771900383656915,2010/12/20 15:00:00
NL13,Heating Tertiary,2010,8489,0.0002084500038500707,2010/12/20 16:00:00
NL13,Heating Tertiary,2010,8490,0.0002093940038675064,2010/12/20 17:00:00
NL13,Heating Tertiary,2010,8491,0.0002137940039487744,2010/12/20 18:00:00
NL13,Heating Tertiary,2010,8492,0.00022745300420105605,2010/12/20 19:00:00
NL13,Heating Tertiary,2010,8493,0.0002549690047092765,2010/12/20 20:00:00
NL13,Heating Tertiary,2010,8494,0.0002963130054729,2010/12/20 21:00:00
NL13,Heating Tertiary,2010,8495,0.00034568200638474526,2010/12/20 22:00:00
NL13,Heating Tertiary,2010,8496,0.0003929860072584499,2010/12/20 23:00:00
NL13,Heating Tertiary,2010,8497,0.0004071560075201698,2010/12/21 00:00:00
NL13,Heating Tertiary,2010,8498,0.00042844900791345143,2010/12/21 01:00:00
NL13,Heating Tertiary,2010,8499,0.0004394280081162336,2010/12/21 02:00:00
NL13,Heating Tertiary,2010,8500,0.0004442020082044093,2010/12/21 03:00:00
NL13,Heating Tertiary,2010,8501,0.00043761100808267355,2010/12/21 04:00:00
NL13,Heating Tertiary,2010,8502,0.00041327800763324315,2010/12/21 05:00:00
NL13,Heating Tertiary,2010,8503,0.0003736340069010186,2010/12/21 06:00:00
NL13,Heating Tertiary,2010,8504,0.00032709400604142495,2010/12/21 07:00:00
NL13,Heating Tertiary,2010,8505,0.0002848120052604766,2010/12/21 08:00:00
NL13,Heating Tertiary,2010,8506,0.00025173100464947063,2010/12/21 09:00:00
NL13,Heating Tertiary,2010,8507,0.00022894600422863177,2010/12/21 10:00:00
NL13,Heating Tertiary,2010,8508,0.00021183500391259167,2010/12/21 11:00:00
NL13,Heating Tertiary,2010,8509,0.00020010100369586471,2010/12/21 12:00:00
NL13,Heating Tertiary,2010,8510,0.00019460100359427974,2010/12/21 13:00:00
NL13,Heating Tertiary,2010,8511,0.00019459100359409505,2010/12/21 14:00:00
NL13,Heating Tertiary,2010,8512,0.0001967330036336578,2010/12/21 15:00:00
NL13,Heating Tertiary,2010,8513,0.00019742500364643901,2010/12/21 16:00:00
NL13,Heating Tertiary,2010,8514,0.00019831900366295118,2010/12/21 17:00:00
NL13,Heating Tertiary,2010,8515,0.00020248700373993412,2010/12/21 18:00:00
NL13,Heating Tertiary,2010,8516,0.00021542200397884354,2010/12/21 19:00:00
NL13,Heating Tertiary,2010,8517,0.0002414830044601901,2010/12/21 20:00:00
NL13,Heating Tertiary,2010,8518,0.00028064100518343824,2010/12/21 21:00:00
NL13,Heating Tertiary,2010,8519,0.00032739900604705834,2010/12/21 22:00:00
NL13,Heating Tertiary,2010,8520,0.0003722010068745511,2010/12/21 23:00:00
NL13,Heating Tertiary,2010,8521,0.0003032320056006939,2010/12/22 00:00:00
NL13,Heating Tertiary,2010,8522,0.0003190890058935726,2010/12/22 01:00:00
NL13,Heating Tertiary,2010,8523,0.00032726700604462027,2010/12/22 02:00:00
NL13,Heating Tertiary,2010,8524,0.00033082200611028105,2010/12/22 03:00:00
NL13,Heating Tertiary,2010,8525,0.0003259130060196119,2010/12/22 04:00:00
NL13,Heating Tertiary,2010,8526,0.00030779100568489865,2010/12/22 05:00:00
NL13,Heating Tertiary,2010,8527,0.000278266005139572,2010/12/22 06:00:00
NL13,Heating Tertiary,2010,8528,0.0002436060044994019,2010/12/22 07:00:00
NL13,Heating Tertiary,2010,8529,0.00021211600391778175,2010/12/22 08:00:00
NL13,Heating Tertiary,2010,8530,0.00018747800346271797,2010/12/22 09:00:00
NL13,Heating Tertiary,2010,8531,0.0001705090031493006,2010/12/22 10:00:00
NL13,Heating Tertiary,2010,8532,0.00015776600291393742,2010/12/22 11:00:00
NL13,Heating Tertiary,2010,8533,0.00014902600275250967,2010/12/22 12:00:00
NL13,Heating Tertiary,2010,8534,0.00014493000267685658,2010/12/22 13:00:00
NL13,Heating Tertiary,2010,8535,0.00014492300267672728,2010/12/22 14:00:00
NL13,Heating Tertiary,2010,8536,0.00014651800270618691,2010/12/22 15:00:00
NL13,Heating Tertiary,2010,8537,0.00014703400271571742,2010/12/22 16:00:00
NL13,Heating Tertiary,2010,8538,0.00014769900272799992,2010/12/22 17:00:00
NL13,Heating Tertiary,2010,8539,0.00015080300278533086,2010/12/22 18:00:00
NL13,Heating Tertiary,2010,8540,0.0001604370029632708,2010/12/22 19:00:00
NL13,Heating Tertiary,2010,8541,0.00017984600332175493,2010/12/22 20:00:00
NL13,Heating Tertiary,2010,8542,0.00020900900386039545,2010/12/22 21:00:00
NL13,Heating Tertiary,2010,8543,0.0002438330045035946,2010/12/22 22:00:00
NL13,Heating Tertiary,2010,8544,0.0002771990051198645,2010/12/22 23:00:00
NL13,Heating Tertiary,2010,8545,0.0003634570067130494,2010/12/23 00:00:00
NL13,Heating Tertiary,2010,8546,0.00038246400706410863,2010/12/23 01:00:00
NL13,Heating Tertiary,2010,8547,0.0003922660072451516,2010/12/23 02:00:00
NL13,Heating Tertiary,2010,8548,0.0003965270073238522,2010/12/23 03:00:00
NL13,Heating Tertiary,2010,8549,0.0003906430072151747,2010/12/23 04:00:00
NL13,Heating Tertiary,2010,8550,0.000368922006813988,2010/12/23 05:00:00
NL13,Heating Tertiary,2010,8551,0.00033353300616035327,2010/12/23 06:00:00
NL13,Heating Tertiary,2010,8552,0.0002919880053930173,2010/12/23 07:00:00
NL13,Heating Tertiary,2010,8553,0.00025424400469588576,2010/12/23 08:00:00
NL13,Heating Tertiary,2010,8554,0.00022471300415044827,2010/12/23 09:00:00
NL13,Heating Tertiary,2010,8555,0.00020437400377478702,2010/12/23 10:00:00
NL13,Heating Tertiary,2010,8556,0.0001891000034926763,2010/12/23 11:00:00
NL13,Heating Tertiary,2010,8557,0.00017862400329918466,2010/12/23 12:00:00
NL13,Heating Tertiary,2010,8558,0.00017371500320851542,2010/12/23 13:00:00
NL13,Heating Tertiary,2010,8559,0.00017370600320834917,2010/12/23 14:00:00
NL13,Heating Tertiary,2010,8560,0.0001756180032436638,2010/12/23 15:00:00
NL13,Heating Tertiary,2010,8561,0.00017623600325507825,2010/12/23 16:00:00
NL13,Heating Tertiary,2010,8562,0.00017703400326981737,2010/12/23 17:00:00
NL13,Heating Tertiary,2010,8563,0.00018075500333854418,2010/12/23 18:00:00
NL13,Heating Tertiary,2010,8564,0.00019230200355181722,2010/12/23 19:00:00
NL13,Heating Tertiary,2010,8565,0.00021556500398148474,2010/12/23 20:00:00
NL13,Heating Tertiary,2010,8566,0.0002505200046271035,2010/12/23 21:00:00
NL13,Heating Tertiary,2010,8567,0.0002922600053980411,2010/12/23 22:00:00
NL13,Heating Tertiary,2010,8568,0.00033225300613671176,2010/12/23 23:00:00
NL13,Heating Tertiary,2010,8569,0.0003032320056006939,2010/12/24 00:00:00
NL13,Heating Tertiary,2010,8570,0.0003190890058935726,2010/12/24 01:00:00
NL13,Heating Tertiary,2010,8571,0.00032726700604462027,2010/12/24 02:00:00
NL13,Heating Tertiary,2010,8572,0.00033082200611028105,2010/12/24 03:00:00
NL13,Heating Tertiary,2010,8573,0.0003259130060196119,2010/12/24 04:00:00
NL13,Heating Tertiary,2010,8574,0.00030779100568489865,2010/12/24 05:00:00
NL13,Heating Tertiary,2010,8575,0.000278266005139572,2010/12/24 06:00:00
NL13,Heating Tertiary,2010,8576,0.0002436060044994019,2010/12/24 07:00:00
NL13,Heating Tertiary,2010,8577,0.00021211600391778175,2010/12/24 08:00:00
NL13,Heating Tertiary,2010,8578,0.00018747800346271797,2010/12/24 09:00:00
NL13,Heating Tertiary,2010,8579,0.0001705090031493006,2010/12/24 10:00:00
NL13,Heating Tertiary,2010,8580,0.00015776600291393742,2010/12/24 11:00:00
NL13,Heating Tertiary,2010,8581,0.00014902600275250967,2010/12/24 12:00:00
NL13,Heating Tertiary,2010,8582,0.00014493000267685658,2010/12/24 13:00:00
NL13,Heating Tertiary,2010,8583,0.00014492300267672728,2010/12/24 14:00:00
NL13,Heating Tertiary,2010,8584,0.00014651800270618691,2010/12/24 15:00:00
NL13,Heating Tertiary,2010,8585,0.00014703400271571742,2010/12/24 16:00:00
NL13,Heating Tertiary,2010,8586,0.00014769900272799992,2010/12/24 17:00:00
NL13,Heating Tertiary,2010,8587,0.00015080300278533086,2010/12/24 18:00:00
NL13,Heating Tertiary,2010,8588,0.0001604370029632708,2010/12/24 19:00:00
NL13,Heating Tertiary,2010,8589,0.00017984600332175493,2010/12/24 20:00:00
NL13,Heating Tertiary,2010,8590,0.00020900900386039545,2010/12/24 21:00:00
NL13,Heating Tertiary,2010,8591,0.0002438330045035946,2010/12/24 22:00:00
NL13,Heating Tertiary,2010,8592,0.0002771990051198645,2010/12/24 23:00:00
NL13,Heating Tertiary,2010,8593,0.0003439150063521088,2010/12/25 00:00:00
NL13,Heating Tertiary,2010,8594,0.0003656650067538312,2010/12/25 01:00:00
NL13,Heating Tertiary,2010,8595,0.00037545700693468936,2010/12/25 02:00:00
NL13,Heating Tertiary,2010,8596,0.00037944200700829235,2010/12/25 03:00:00
NL13,Heating Tertiary,2010,8597,0.00037381200690430623,2010/12/25 04:00:00
NL13,Heating Tertiary,2010,8598,0.00035496700655623914,2010/12/25 05:00:00
NL13,Heating Tertiary,2010,8599,0.0003239370059831152,2010/12/25 06:00:00
NL13,Heating Tertiary,2010,8600,0.00028643300529041643,2010/12/25 07:00:00
NL13,Heating Tertiary,2010,8601,0.00025061300462882115,2010/12/25 08:00:00
NL13,Heating Tertiary,2010,8602,0.00022264500411225233,2010/12/25 09:00:00
NL13,Heating Tertiary,2010,8603,0.00020349000375845955,2010/12/25 10:00:00
NL13,Heating Tertiary,2010,8604,0.00018885500348815113,2010/12/25 11:00:00
NL13,Heating Tertiary,2010,8605,0.00017726000327399153,2010/12/25 12:00:00
NL13,Heating Tertiary,2010,8606,0.00017079300315454607,2010/12/25 13:00:00
NL13,Heating Tertiary,2010,8607,0.00016783100309983795,2010/12/25 14:00:00
NL13,Heating Tertiary,2010,8608,0.0001666490030780064,2010/12/25 15:00:00
NL13,Heating Tertiary,2010,8609,0.00016446600303768636,2010/12/25 16:00:00
NL13,Heating Tertiary,2010,8610,0.0001635030030198998,2010/12/25 17:00:00
NL13,Heating Tertiary,2010,8611,0.00016587800306376604,2010/12/25 18:00:00
NL13,Heating Tertiary,2010,8612,0.00017543700324032074,2010/12/25 19:00:00
NL13,Heating Tertiary,2010,8613,0.00019614500362279743,2010/12/25 20:00:00
NL13,Heating Tertiary,2010,8614,0.00022767500420515642,2010/12/25 21:00:00
NL13,Heating Tertiary,2010,8615,0.0002676540049435684,2010/12/25 22:00:00
NL13,Heating Tertiary,2010,8616,0.0003094730057159652,2010/12/25 23:00:00
NL13,Heating Tertiary,2010,8617,0.0004117490076050025,2010/12/26 00:00:00
NL13,Heating Tertiary,2010,8618,0.00043778800808594277,2010/12/26 01:00:00
NL13,Heating Tertiary,2010,8619,0.00044951200830248495,2010/12/26 02:00:00
NL13,Heating Tertiary,2010,8620,0.0004542830083906053,2010/12/26 03:00:00
NL13,Heating Tertiary,2010,8621,0.000447544008266136,2010/12/26 04:00:00
NL13,Heating Tertiary,2010,8622,0.00042498100784939746,2010/12/26 05:00:00
NL13,Heating Tertiary,2010,8623,0.0003878310071632371,2010/12/26 06:00:00
NL13,Heating Tertiary,2010,8624,0.00034292900633389745,2010/12/26 07:00:00
NL13,Heating Tertiary,2010,8625,0.00030004400554181165,2010/12/26 08:00:00
NL13,Heating Tertiary,2010,8626,0.0002665600049233622,2010/12/26 09:00:00
NL13,Heating Tertiary,2010,8627,0.00024362700449978979,2010/12/26 10:00:00
NL13,Heating Tertiary,2010,8628,0.0002261050041761585,2010/12/26 11:00:00
NL13,Heating Tertiary,2010,8629,0.00021222300391975804,2010/12/26 12:00:00
NL13,Heating Tertiary,2010,8630,0.0002044810037767633,2010/12/26 13:00:00
NL13,Heating Tertiary,2010,8631,0.00020093400371125024,2010/12/26 14:00:00
NL13,Heating Tertiary,2010,8632,0.0001995190036851152,2010/12/26 15:00:00
NL13,Heating Tertiary,2010,8633,0.0001969050036368346,2010/12/26 16:00:00
NL13,Heating Tertiary,2010,8634,0.00019575300361555716,2010/12/26 17:00:00
NL13,Heating Tertiary,2010,8635,0.00019859700366808586,2010/12/26 18:00:00
NL13,Heating Tertiary,2010,8636,0.00021004000387943802,2010/12/26 19:00:00
NL13,Heating Tertiary,2010,8637,0.00023483300433736463,2010/12/26 20:00:00
NL13,Heating Tertiary,2010,8638,0.000272583005034607,2010/12/26 21:00:00
NL13,Heating Tertiary,2010,8639,0.00032044600591863646,2010/12/26 22:00:00
NL13,Heating Tertiary,2010,8640,0.00037051500684341063,2010/12/26 23:00:00
NL13,Heating Tertiary,2010,8641,0.0003032320056006939,2010/12/27 00:00:00
NL13,Heating Tertiary,2010,8642,0.0003190890058935726,2010/12/27 01:00:00
NL13,Heating Tertiary,2010,8643,0.00032726700604462027,2010/12/27 02:00:00
NL13,Heating Tertiary,2010,8644,0.00033082200611028105,2010/12/27 03:00:00
NL13,Heating Tertiary,2010,8645,0.0003259130060196119,2010/12/27 04:00:00
NL13,Heating Tertiary,2010,8646,0.00030779100568489865,2010/12/27 05:00:00
NL13,Heating Tertiary,2010,8647,0.000278266005139572,2010/12/27 06:00:00
NL13,Heating Tertiary,2010,8648,0.0002436060044994019,2010/12/27 07:00:00
NL13,Heating Tertiary,2010,8649,0.00021211600391778175,2010/12/27 08:00:00
NL13,Heating Tertiary,2010,8650,0.00018747800346271797,2010/12/27 09:00:00
NL13,Heating Tertiary,2010,8651,0.0001705090031493006,2010/12/27 10:00:00
NL13,Heating Tertiary,2010,8652,0.00015776600291393742,2010/12/27 11:00:00
NL13,Heating Tertiary,2010,8653,0.00014902600275250967,2010/12/27 12:00:00
NL13,Heating Tertiary,2010,8654,0.00014493000267685658,2010/12/27 13:00:00
NL13,Heating Tertiary,2010,8655,0.00014492300267672728,2010/12/27 14:00:00
NL13,Heating Tertiary,2010,8656,0.00014651800270618691,2010/12/27 15:00:00
NL13,Heating Tertiary,2010,8657,0.00014703400271571742,2010/12/27 16:00:00
NL13,Heating Tertiary,2010,8658,0.00014769900272799992,2010/12/27 17:00:00
NL13,Heating Tertiary,2010,8659,0.00015080300278533086,2010/12/27 18:00:00
NL13,Heating Tertiary,2010,8660,0.0001604370029632708,2010/12/27 19:00:00
NL13,Heating Tertiary,2010,8661,0.00017984600332175493,2010/12/27 20:00:00
NL13,Heating Tertiary,2010,8662,0.00020900900386039545,2010/12/27 21:00:00
NL13,Heating Tertiary,2010,8663,0.0002438330045035946,2010/12/27 22:00:00
NL13,Heating Tertiary,2010,8664,0.0002771990051198645,2010/12/27 23:00:00
NL13,Heating Tertiary,2010,8665,0.0003032320056006939,2010/12/28 00:00:00
NL13,Heating Tertiary,2010,8666,0.0003190890058935726,2010/12/28 01:00:00
NL13,Heating Tertiary,2010,8667,0.00032726700604462027,2010/12/28 02:00:00
NL13,Heating Tertiary,2010,8668,0.00033082200611028105,2010/12/28 03:00:00
NL13,Heating Tertiary,2010,8669,0.0003259130060196119,2010/12/28 04:00:00
NL13,Heating Tertiary,2010,8670,0.00030779100568489865,2010/12/28 05:00:00
NL13,Heating Tertiary,2010,8671,0.000278266005139572,2010/12/28 06:00:00
NL13,Heating Tertiary,2010,8672,0.0002436060044994019,2010/12/28 07:00:00
NL13,Heating Tertiary,2010,8673,0.00021211600391778175,2010/12/28 08:00:00
NL13,Heating Tertiary,2010,8674,0.00018747800346271797,2010/12/28 09:00:00
NL13,Heating Tertiary,2010,8675,0.0001705090031493006,2010/12/28 10:00:00
NL13,Heating Tertiary,2010,8676,0.00015776600291393742,2010/12/28 11:00:00
NL13,Heating Tertiary,2010,8677,0.00014902600275250967,2010/12/28 12:00:00
NL13,Heating Tertiary,2010,8678,0.00014493000267685658,2010/12/28 13:00:00
NL13,Heating Tertiary,2010,8679,0.00014492300267672728,2010/12/28 14:00:00
NL13,Heating Tertiary,2010,8680,0.00014651800270618691,2010/12/28 15:00:00
NL13,Heating Tertiary,2010,8681,0.00014703400271571742,2010/12/28 16:00:00
NL13,Heating Tertiary,2010,8682,0.00014769900272799992,2010/12/28 17:00:00
NL13,Heating Tertiary,2010,8683,0.00015080300278533086,2010/12/28 18:00:00
NL13,Heating Tertiary,2010,8684,0.0001604370029632708,2010/12/28 19:00:00
NL13,Heating Tertiary,2010,8685,0.00017984600332175493,2010/12/28 20:00:00
NL13,Heating Tertiary,2010,8686,0.00020900900386039545,2010/12/28 21:00:00
NL13,Heating Tertiary,2010,8687,0.0002438330045035946,2010/12/28 22:00:00
NL13,Heating Tertiary,2010,8688,0.0002771990051198645,2010/12/28 23:00:00
NL13,Heating Tertiary,2010,8689,0.000321643005940745,2010/12/29 00:00:00
NL13,Heating Tertiary,2010,8690,0.0003384640062514288,2010/12/29 01:00:00
NL13,Heating Tertiary,2010,8691,0.0003471380064116377,2010/12/29 02:00:00
NL13,Heating Tertiary,2010,8692,0.0003509090064812879,2010/12/29 03:00:00
NL13,Heating Tertiary,2010,8693,0.00034570200638511464,2010/12/29 04:00:00
NL13,Heating Tertiary,2010,8694,0.0003264800060300844,2010/12/29 05:00:00
NL13,Heating Tertiary,2010,8695,0.00029516100545162255,2010/12/29 06:00:00
NL13,Heating Tertiary,2010,8696,0.00025839600477257316,2010/12/29 07:00:00
NL13,Heating Tertiary,2010,8697,0.00022499500415565683,2010/12/29 08:00:00
NL13,Heating Tertiary,2010,8698,0.0001988610036729619,2010/12/29 09:00:00
NL13,Heating Tertiary,2010,8699,0.00018086200334052046,2010/12/29 10:00:00
NL13,Heating Tertiary,2010,8700,0.00016734500309086153,2010/12/29 11:00:00
NL13,Heating Tertiary,2010,8701,0.00015807500291964465,2010/12/29 12:00:00
NL13,Heating Tertiary,2010,8702,0.00015373000283939252,2010/12/29 13:00:00
NL13,Heating Tertiary,2010,8703,0.00015372200283924478,2010/12/29 14:00:00
NL13,Heating Tertiary,2010,8704,0.00015541500287051446,2010/12/29 15:00:00
NL13,Heating Tertiary,2010,8705,0.0001559610028805991,2010/12/29 16:00:00
NL13,Heating Tertiary,2010,8706,0.0001566670028936389,2010/12/29 17:00:00
NL13,Heating Tertiary,2010,8707,0.0001599600029544606,2010/12/29 18:00:00
NL13,Heating Tertiary,2010,8708,0.00017017800314318701,2010/12/29 19:00:00
NL13,Heating Tertiary,2010,8709,0.0001907660035234473,2010/12/29 20:00:00
NL13,Heating Tertiary,2010,8710,0.00022170000409479817,2010/12/29 21:00:00
NL13,Heating Tertiary,2010,8711,0.0002586370047770244,2010/12/29 22:00:00
NL13,Heating Tertiary,2010,8712,0.000294030005430733,2010/12/29 23:00:00
NL13,Heating Tertiary,2010,8713,0.0004071560075201698,2010/12/30 00:00:00
NL13,Heating Tertiary,2010,8714,0.00042844900791345143,2010/12/30 01:00:00
NL13,Heating Tertiary,2010,8715,0.0004394280081162336,2010/12/30 02:00:00
NL13,Heating Tertiary,2010,8716,0.0004442020082044093,2010/12/30 03:00:00
NL13,Heating Tertiary,2010,8717,0.00043761100808267355,2010/12/30 04:00:00
NL13,Heating Tertiary,2010,8718,0.00041327800763324315,2010/12/30 05:00:00
NL13,Heating Tertiary,2010,8719,0.0003736340069010186,2010/12/30 06:00:00
NL13,Heating Tertiary,2010,8720,0.00032709400604142495,2010/12/30 07:00:00
NL13,Heating Tertiary,2010,8721,0.0002848120052604766,2010/12/30 08:00:00
NL13,Heating Tertiary,2010,8722,0.00025173100464947063,2010/12/30 09:00:00
NL13,Heating Tertiary,2010,8723,0.00022894600422863177,2010/12/30 10:00:00
NL13,Heating Tertiary,2010,8724,0.00021183500391259167,2010/12/30 11:00:00
NL13,Heating Tertiary,2010,8725,0.00020010100369586471,2010/12/30 12:00:00
NL13,Heating Tertiary,2010,8726,0.00019460100359427974,2010/12/30 13:00:00
NL13,Heating Tertiary,2010,8727,0.00019459100359409505,2010/12/30 14:00:00
NL13,Heating Tertiary,2010,8728,0.0001967330036336578,2010/12/30 15:00:00
NL13,Heating Tertiary,2010,8729,0.00019742500364643901,2010/12/30 16:00:00
NL13,Heating Tertiary,2010,8730,0.00019831900366295118,2010/12/30 17:00:00
NL13,Heating Tertiary,2010,8731,0.00020248700373993412,2010/12/30 18:00:00
NL13,Heating Tertiary,2010,8732,0.00021542200397884354,2010/12/30 19:00:00
NL13,Heating Tertiary,2010,8733,0.0002414830044601901,2010/12/30 20:00:00
NL13,Heating Tertiary,2010,8734,0.00028064100518343824,2010/12/30 21:00:00
NL13,Heating Tertiary,2010,8735,0.00032739900604705834,2010/12/30 22:00:00
NL13,Heating Tertiary,2010,8736,0.0003722010068745511,2010/12/30 23:00:00
NL13,Heating Tertiary,2010,8737,0.0003422730063217811,2010/12/31 00:00:00
NL13,Heating Tertiary,2010,8738,0.0003601720066523755,2010/12/31 01:00:00
NL13,Heating Tertiary,2010,8739,0.00036940300682287205,2010/12/31 02:00:00
NL13,Heating Tertiary,2010,8740,0.0003734150068969737,2010/12/31 03:00:00
NL13,Heating Tertiary,2010,8741,0.0003678750067946499,2010/12/31 04:00:00
NL13,Heating Tertiary,2010,8742,0.0003474190064168278,2010/12/31 05:00:00
NL13,Heating Tertiary,2010,8743,0.00031409300580129655,2010/12/31 06:00:00
NL13,Heating Tertiary,2010,8744,0.0002749690050786764,2010/12/31 07:00:00
NL13,Heating Tertiary,2010,8745,0.0002394260044221973,2010/12/31 08:00:00
NL13,Heating Tertiary,2010,8746,0.00021161600390854675,2010/12/31 09:00:00
NL13,Heating Tertiary,2010,8747,0.0001924620035547724,2010/12/31 10:00:00
NL13,Heating Tertiary,2010,8748,0.0001780780032891,2010/12/31 11:00:00
NL13,Heating Tertiary,2010,8749,0.00016821300310689347,2010/12/31 12:00:00
NL13,Heating Tertiary,2010,8750,0.0001635900030215067,2010/12/31 13:00:00
NL13,Heating Tertiary,2010,8751,0.0001635810030213405,2010/12/31 14:00:00
NL13,Heating Tertiary,2010,8752,0.00016538200305460493,2010/12/31 15:00:00
NL13,Heating Tertiary,2010,8753,0.0001659640030653545,2010/12/31 16:00:00
NL13,Heating Tertiary,2010,8754,0.00016671600307924386,2010/12/31 17:00:00
NL13,Heating Tertiary,2010,8755,0.00017021900314394435,2010/12/31 18:00:00
NL13,Heating Tertiary,2010,8756,0.00018109300334478702,2010/12/31 19:00:00
NL13,Heating Tertiary,2010,8757,0.0002030010037494277,2010/12/31 20:00:00
NL13,Heating Tertiary,2010,8758,0.00023591900435742308,2010/12/31 21:00:00
NL13,Heating Tertiary,2010,8759,0.0002752260050834232,2010/12/31 22:00:00
NL13,Heating Tertiary,2010,8760,0.00031288800577904016,2010/12/31 23:00:00
